36.670109139,0.069303989,4.97E-7,37.60080515,266787.0,0.0,266747.0,35.0,36.670109139,0.069303989,1.35053138E9,1.353820695E9,
36.870456051,0.034619236,2.72E-7,37.835836815,231608.0,0.0,231581.0,32.0,36.870456051,0.034619236,1.338451911E9,1.341741226E9,
34.63349134,0.008813284,4.45E-7,35.624678056,212262.0,0.0,212224.0,34.0,34.63349134,0.008813284,1.392415781E9,1.395705096E9,
37.220815631,0.007724059,3.53E-7,38.213091572,231115.0,0.0,231091.0,26.0,37.220815631,0.007724059,1.327598912E9,1.330888227E9,
39.871037574,0.007223307,6.29E-7,40.863814267,231537.0,0.0,231514.0,26.0,39.871037574,0.007223307,1.454123732E9,1.457413047E9,
39.066853891,0.010506755,3.67E-7,40.056347136,232678.0,0.0,232644.0,37.0,39.066853891,0.010506755,1.324584875E9,1.32787419E9,
37.852824276,0.004436478,4.81E-7,38.848387798,215168.0,0.0,215143.0,28.0,37.852824276,0.004436478,1.412274778E9,1.415564093E9,
37.099747158,0.007655641,4.94E-7,38.092091517,230775.0,0.0,230748.0,29.0,37.099747158,0.007655641,1.5689533E9,1.572242615E9,
34.798893873,0.006770646,5.15E-7,35.792123227,212642.0,0.0,212609.0,30.0,34.798893873,0.006770646,1.401237496E9,1.404526811E9,
36.568673859,0.005898631,3.98E-7,37.562775228,231714.0,0.0,231693.0,24.0,36.568673859,0.005898631,1.561077393E9,1.564366708E9,
37.94570877,0.004202,4.54E-7,38.94150677,428201.0,0.0,428165.0,35.0,37.94570877,0.004202,1.408217105E9,1.414795735E9,
36.593944375,0.005732392,4.04E-7,37.588211983,422286.0,0.0,422256.0,28.0,36.593944375,0.005732392,1.376365674E9,1.382944304E9,
47.697909812,0.007156419,6.18E-7,48.690753393,465945.0,0.0,465905.0,37.0,47.697909812,0.007156419,1.543138894E9,1.549717524E9,
39.636324991,0.006497013,4.85E-7,40.629827978,423604.0,0.0,423568.0,36.0,39.636324991,0.006497013,1.386850893E9,1.393429523E9,
48.802080456,0.006786296,5.55E-7,49.79529416,424534.0,0.0,424502.0,32.0,48.802080456,0.006786296,1.437794999E9,1.444373629E9,
36.896386284,0.005870223,5.98E-7,37.890516061,465778.0,0.0,465757.0,28.0,36.896386284,0.005870223,1.577648811E9,1.584227441E9,
40.416011806,0.007213987,4.68E-7,41.408797819,462698.0,0.0,462665.0,37.0,40.416011806,0.007213987,1.571993331E9,1.578571961E9,
35.97935658,0.006987701,3.41E-7,36.972368879,426393.0,0.0,426360.0,38.0,35.97935658,0.006987701,1.364258683E9,1.370837313E9,
37.041639149,0.00450791,4.01E-7,38.037131239,466039.0,0.0,466013.0,29.0,37.041639149,0.00450791,1.485789665E9,1.492368295E9,
42.72736192,0.004391698,4.62E-7,43.722970222,464650.0,0.0,464622.0,28.0,42.72736192,0.004391698,1.562049329E9,1.568627959E9,
42.077413109,0.005163582,4.68E-7,43.072249527,756827.0,0.0,756791.0,29.0,42.077413109,0.005163582,1.349071036E9,1.358938981E9,
37.108200639,0.005249792,6.65E-7,38.102950847,698168.0,0.0,698137.0,33.0,37.108200639,0.005249792,1.486995202E9,1.496863147E9,
37.404251661,0.00502407,3.81E-7,38.399227591,1606603.0,0.0,1606584.0,33.0,37.404251661,0.00502407,1.278277888E9,1.288145833E9,
45.995800706,0.004259713,3.64E-7,46.991540993,698477.0,0.0,698450.0,32.0,45.995800706,0.004259713,1.585015275E9,1.59488322E9,
40.33041225,0.005620254,3.77E-7,41.324791996,1192846.0,0.0,1192826.0,34.0,40.33041225,0.005620254,1.280703524E9,1.290571469E9,
36.579537901,0.006329073,6.38E-7,37.573208828,695501.0,0.0,695468.0,38.0,36.579537901,0.006329073,1.32268029E9,1.332548235E9,
39.148204553,0.005526472,5.28E-7,40.142678081,697089.0,0.0,697066.0,32.0,39.148204553,0.005526472,1.320049706E9,1.329917651E9,
40.022674245,0.004251507,4.18E-7,41.018422738,694905.0,0.0,694876.0,37.0,40.022674245,0.004251507,1.316369833E9,1.326237778E9,
34.436608061,0.00246705,8.32E-7,35.434141011,636298.0,0.0,636274.0,30.0,34.436608061,0.00246705,1.415134984E9,1.425002929E9,
39.930980101,0.005569454,5.44E-7,40.925410647,636265.0,0.0,636234.0,30.0,39.930980101,0.005569454,1.373200759E9,1.383068704E9,
37.125938791,0.005366312,4.18E-7,38.120572479,957793.0,0.0,957759.0,35.0,37.125938791,0.005366312,1.385644402E9,1.398801662E9,
43.021231819,0.003326542,6.78E-7,44.017905277,851088.0,0.0,851059.0,31.0,43.021231819,0.003326542,1.427235755E9,1.440393015E9,
40.970085392,0.005539095,7.69E-7,41.964546297,927695.0,0.0,927670.0,29.0,40.970085392,0.005539095,1.503332852E9,1.516490112E9,
38.142476487,0.006419524,3.4E-7,39.136056963,927685.0,0.0,927644.0,40.0,38.142476487,0.006419524,1.470868091E9,1.484025351E9,
37.562562137,0.003216667,7.92E-7,38.55934547,847324.0,0.0,847293.0,35.0,37.562562137,0.003216667,1.38172527E9,1.39488253E9,
39.257217672,0.005467431,6.61E-7,40.251750241,850276.0,0.0,850252.0,34.0,39.257217672,0.005467431,1.415969303E9,1.429126563E9,
46.317079718,0.005756224,6.25E-7,47.311323494,929395.0,0.0,929365.0,33.0,46.317079718,0.005756224,1.549603486E9,1.562760746E9,
39.727579502,0.004403781,6.09E-7,40.723175721,1635382.0,0.0,1635362.0,32.0,39.727579502,0.004403781,1.278685787E9,1.291843047E9,
39.070642841,0.006218427,7.75E-7,40.064424414,845512.0,0.0,845475.0,37.0,39.070642841,0.006218427,1.379623783E9,1.392781043E9,
42.25601148,0.005559242,9.02E-7,43.250452238,959647.0,0.0,959623.0,35.0,42.25601148,0.005559242,1.288849558E9,1.302006818E9,
41.201039441,0.004628016,9.17E-7,42.196411425,1105048.0,0.0,1105023.0,25.0,41.201039441,0.004628016,1.438926596E9,1.455373171E9,
42.174502074,0.005341673,7.52E-7,43.169160401,1158596.0,0.0,1158574.0,33.0,42.174502074,0.005341673,1.311472453E9,1.327919028E9,
39.997731807,0.003206331,7.99E-7,40.994525476,1157222.0,0.0,1157210.0,20.0,39.997731807,0.003206331,1.30868968E9,1.325136255E9,
43.408107636,0.005211971,7.39E-7,44.402895665,1161904.0,0.0,1161876.0,30.0,43.408107636,0.005211971,1.547905899E9,1.564352474E9,
42.402601983,0.006256884,7.09E-7,43.396345099,1060735.0,0.0,1060700.0,36.0,42.402601983,0.006256884,1.369795975E9,1.38624255E9,
45.123840379,0.006528512,7.35E-7,46.117311867,1172857.0,0.0,1172816.0,41.0,45.123840379,0.006528512,1.392873271E9,1.409319846E9,
42.956231904,0.005024778,7.56E-7,43.951207126,1159182.0,0.0,1159157.0,31.0,42.956231904,0.005024778,1.501669399E9,1.518115974E9,
39.27211936,0.006708588,7.75E-7,40.265410772,1163826.0,0.0,1163792.0,42.0,39.27211936,0.006708588,1.575394238E9,1.591840813E9,
39.28505228,0.003888722,7.62E-7,40.281163558,1159079.0,0.0,1159051.0,32.0,39.28505228,0.003888722,1.518226561E9,1.534673136E9,
40.124019335,0.005232777,4.23E-7,41.118786558,1171131.0,0.0,1171100.0,33.0,40.124019335,0.005232777,1.387521768E9,1.403968343E9,
38.408552853,0.005373524,8.72E-7,39.403179329,1469300.0,0.0,1469253.0,37.0,38.408552853,0.005373524,1.348042356E9,1.367778246E9,
42.182558872,0.005744654,7.39E-7,43.176814218,1394063.0,0.0,1394024.0,37.0,42.182558872,0.005744654,1.535092852E9,1.554828742E9,
41.982647325,0.005960894,6.58E-7,42.976686431,1394468.0,0.0,1394439.0,37.0,41.982647325,0.005960894,1.451992775E9,1.471728665E9,
45.427164395,0.006672751,9.53E-7,46.420491644,1279568.0,0.0,1279530.0,39.0,45.427164395,0.006672751,1.398993223E9,1.418729113E9,
37.859572578,0.005898799,7.07E-7,38.853673779,1391933.0,0.0,1391906.0,38.0,37.859572578,0.005898799,1.515579927E9,1.535315817E9,
43.557549518,0.005308399,6.48E-7,44.552241119,1395573.0,0.0,1395542.0,33.0,43.557549518,0.005308399,1.546069796E9,1.565805686E9,
43.374273302,0.006640699,7.25E-7,44.367632603,1382419.0,0.0,1382380.0,43.0,43.374273302,0.006640699,1.383333302E9,1.403069192E9,
42.701319199,0.005840297,4.05E-7,43.695478902,1383637.0,0.0,1383601.0,40.0,42.701319199,0.005840297,1.388307409E9,1.408043299E9,
39.234308497,0.00312442,6.56E-7,40.231184077,1543912.0,0.0,1543872.0,38.0,39.234308497,0.00312442,1.335479661E9,1.355215551E9,
47.463759272,0.005835657,7.89E-7,48.457923615,1552126.0,0.0,1552094.0,39.0,47.463759272,0.005835657,1.29413462E9,1.31387051E9,
43.86303612,0.005284718,6.45E-7,44.857751402,1625963.0,0.0,1625937.0,32.0,43.86303612,0.005284718,1.485731746E9,1.508756951E9,
43.149887491,0.005711511,7.19E-7,44.14417598,1624311.0,0.0,1624284.0,37.0,43.149887491,0.005711511,1.503059212E9,1.526084417E9,
43.215538911,0.006157337,5.75E-7,44.209381574,1662115.0,0.0,1662087.0,39.0,43.215538911,0.006157337,1.285964366E9,1.308989571E9,
46.821273321,0.005480731,8.39E-7,47.81579259,1623598.0,0.0,1623567.0,39.0,46.821273321,0.005480731,1.523472733E9,1.546497938E9,
40.365341528,0.004095491,7.72E-7,41.361246037,1857087.0,0.0,1857063.0,29.0,40.365341528,0.004095491,1.28398768E9,1.307012885E9,
41.895053913,0.004222147,7.58E-7,42.890831766,1491355.0,0.0,1491324.0,36.0,41.895053913,0.004222147,1.353396263E9,1.376421468E9,
41.312519016,0.006499846,9.72E-7,42.30601917,1623801.0,0.0,1623761.0,41.0,41.312519016,0.006499846,1.319744802E9,1.342770007E9,
47.450093735,0.004127585,9.45E-7,48.44596615,720063.0,0.0,720049.0,24.0,47.450093735,0.004127585,1.587806425E9,1.5979711E9,
40.462719348,0.004845845,7.52E-7,41.457873503,1626583.0,0.0,1626555.0,34.0,40.462719348,0.004845845,1.452190761E9,1.475215966E9,
40.226913332,0.00395392,7.31E-7,41.222959412,1625387.0,0.0,1625357.0,34.0,40.226913332,0.00395392,1.527421159E9,1.550446364E9,
40.668574066,0.00463145,6.12E-7,41.663942616,1733582.0,0.0,1733554.0,31.0,40.668574066,0.00463145,1.42715501E9,1.45346953E9,
43.088396105,0.006762286,8.67E-7,44.081633819,1703603.0,0.0,1703567.0,43.0,43.088396105,0.006762286,1.409214887E9,1.435529407E9,
40.117536586,0.005867875,6.48E-7,41.111668711,3190137.0,0.0,3190100.0,49.0,40.117536586,0.005867875,1.274223378E9,1.300537898E9,
40.449568736,0.005387195,6.55E-7,41.444181541,1795384.0,0.0,1795350.0,39.0,40.449568736,0.005387195,1.437828938E9,1.464143458E9,
40.367711228,0.005445962,7.55E-7,41.362265266,1830923.0,0.0,1830891.0,35.0,40.367711228,0.005445962,1.443548862E9,1.469863382E9,
43.740133435,0.005553586,6.95E-7,44.734579849,1860391.0,0.0,1860358.0,36.0,43.740133435,0.005553586,1.466957957E9,1.493272477E9,
42.945851312,0.006004027,8.52E-7,43.939847285,1703350.0,0.0,1703321.0,36.0,42.945851312,0.006004027,1.402784421E9,1.429098941E9,
39.855916243,0.005271489,8.69E-7,40.850644754,1853978.0,0.0,1853954.0,35.0,39.855916243,0.005271489,1.302959079E9,1.329273599E9,
40.003186651,0.003237604,8.76E-7,40.999949047,1856168.0,0.0,1856148.0,31.0,40.003186651,0.003237604,1.510611153E9,1.536925673E9,
39.610161226,0.006558909,6.44E-7,40.603602317,1859338.0,0.0,1859298.0,42.0,39.610161226,0.006558909,1.473735051E9,1.500049571E9,
41.995608072,0.005642837,7.92E-7,42.989965235,2087726.0,0.0,2087695.0,39.0,41.995608072,0.005642837,1.556525405E9,1.58612924E9,
44.598486351,0.005947619,7.34E-7,45.592538732,2019204.0,0.0,2019168.0,44.0,44.598486351,0.005947619,1.37563007E9,1.405233905E9,
38.532025219,0.006297976,8.22E-7,39.525727243,1914955.0,0.0,1914922.0,43.0,38.532025219,0.006297976,1.40603967E9,1.435643505E9,
45.135075784,0.005480007,6.07E-7,46.129595777,2091447.0,0.0,2091411.0,37.0,45.135075784,0.005480007,1.536114656E9,1.565718491E9,
41.518222459,0.005201755,4.16E-7,42.513020704,1913239.0,0.0,1913212.0,37.0,41.518222459,0.005201755,1.417103047E9,1.446706882E9,
45.332243782,0.002285689,7.92E-7,46.329958093,1917379.0,0.0,1917343.0,39.0,45.332243782,0.002285689,1.400105993E9,1.429709828E9,
44.746223772,0.005239186,8.12E-7,45.740984586,1983798.0,0.0,1983770.0,36.0,44.746223772,0.005239186,1.295445008E9,1.325048843E9,
40.061618234,0.004851261,2.48E-7,41.056766973,3484652.0,0.0,3484618.0,46.0,40.061618234,0.004851261,1.273967541E9,1.303571376E9,
41.364135721,0.002804889,6.25E-7,42.361330832,2090862.0,0.0,2090827.0,40.0,41.364135721,0.002804889,1.482095436E9,1.511699271E9,
40.908886694,0.005222472,7.22E-7,41.903664222,2089343.0,0.0,2089305.0,40.0,40.908886694,0.005222472,1.518853264E9,1.548457099E9,
41.22246218,0.004166919,7.25E-7,42.218295261,2322622.0,0.0,2322596.0,35.0,41.22246218,0.004166919,1.558785817E9,1.591678967E9,
48.998804084,0.005059267,3.03E-7,49.993744817,2322730.0,0.0,2322693.0,39.0,48.998804084,0.005059267,1.536598705E9,1.569491855E9,
49.262782485,0.002891267,7.38E-7,50.259891218,2202201.0,0.0,2202174.0,33.0,49.262782485,0.002891267,1.427966162E9,1.460859312E9,
39.7316414,0.004458793,4.42E-7,40.727182607,2327051.0,0.0,2327024.0,35.0,39.7316414,0.004458793,1.34753206E9,1.38042521E9,
41.873918064,0.004465756,7.85E-7,42.869452308,2480807.0,0.0,2480769.0,40.0,41.873918064,0.004465756,1.318852179E9,1.351745329E9,
44.24635181,0.004868847,7.05E-7,45.241482963,2321809.0,0.0,2321774.0,37.0,44.24635181,0.004868847,1.515915361E9,1.548808511E9,
46.654933714,0.005505569,6.52E-7,47.649428145,2231030.0,0.0,2230995.0,36.0,46.654933714,0.005505569,1.376687696E9,1.409580846E9,
46.049731964,0.005105497,6.64E-7,47.044626467,2320567.0,0.0,2320534.0,40.0,46.049731964,0.005105497,1.490848614E9,1.523741764E9,
41.052598464,0.006544074,6.25E-7,42.04605439,2321702.0,0.0,2321668.0,42.0,41.052598464,0.006544074,1.519777331E9,1.552670481E9,
42.716169538,0.005060803,6.45E-7,43.711108735,2320656.0,0.0,2320629.0,37.0,42.716169538,0.005060803,1.54590891E9,1.57880206E9,
43.398864792,0.006315133,8.48E-7,44.392549659,2575618.0,0.0,2575579.0,44.0,43.398864792,0.006315133,1.341458218E9,1.377640683E9,
40.461320124,0.005261432,6.29E-7,41.456058692,2555392.0,0.0,2555351.0,41.0,40.461320124,0.005261432,1.450705269E9,1.486887734E9,
47.930483843,0.004535534,7.22E-7,48.925948309,2118859.0,0.0,2118840.0,35.0,47.930483843,0.004535534,1.567982547E9,1.5979711E9,
46.190119629,0.004590752,7.55E-7,47.185528877,497633.0,0.0,497612.0,28.0,46.190119629,0.004590752,1.590943E9,1.5979711E9,
49.416865272,0.005019393,7.52E-7,50.411845879,1571325.0,0.0,1571309.0,30.0,49.416865272,0.005019393,1.575767058E9,1.5979711E9,
39.279160375,0.005041032,8.19E-7,40.274119343,2555717.0,0.0,2555683.0,40.0,39.279160375,0.005041032,1.455824675E9,1.49200714E9,
48.080741751,0.005502094,7.52E-7,49.075239657,2555716.0,0.0,2555681.0,43.0,48.080741751,0.005502094,1.48225953E9,1.518441995E9,
42.358461014,0.004806122,8.66E-7,43.353654892,2444070.0,0.0,2444042.0,33.0,42.358461014,0.004806122,1.372414244E9,1.408596709E9,
40.665427707,0.00339122,7.95E-7,41.662036487,2547369.0,0.0,2547341.0,42.0,40.665427707,0.00339122,1.304184521E9,1.340366986E9,
50.386291856,0.005262798,7.19E-7,51.381029058,1523667.0,0.0,1523645.0,34.0,50.386291856,0.005262798,1.576448583E9,1.5979711E9,
44.403710196,0.00387304,6.24E-7,45.399837156,2948955.0,0.0,2948921.0,41.0,44.403710196,0.00387304,1.313129643E9,1.352601423E9,
46.85925467,0.005115525,6.65E-7,47.854139145,2660212.0,0.0,2660177.0,42.0,46.85925467,0.005115525,1.385548716E9,1.425020496E9,
40.663410878,0.004515571,8.25E-7,41.658895307,2646176.0,0.0,2646142.0,37.0,40.663410878,0.004515571,1.358261292E9,1.397733072E9,
43.745740593,0.00609927,6.42E-7,44.739641323,2785781.0,0.0,2785754.0,40.0,43.745740593,0.00609927,1.549995639E9,1.589467419E9,
44.879882779,0.005899378,7.12E-7,45.873983401,3403060.0,0.0,3403036.0,48.0,44.879882779,0.005899378,1.280572854E9,1.320044634E9,
42.541055852,0.005679913,6.6E-7,43.535375939,2657665.0,0.0,2657632.0,46.0,42.541055852,0.005679913,1.358867549E9,1.398339329E9,
43.324281367,0.005543832,7.58E-7,44.318737535,2663917.0,0.0,2663887.0,36.0,43.324281367,0.005543832,1.394354936E9,1.433826716E9,
47.395535697,0.005502117,6.92E-7,48.39003358,2786120.0,0.0,2786088.0,41.0,47.395535697,0.005502117,1.535517093E9,1.574988873E9,
40.665640976,0.005295886,6.58E-7,41.66034509,2926127.0,0.0,2926109.0,44.0,40.665640976,0.005295886,1.290760614E9,1.330232394E9,
48.509635137,0.00429031,7.62E-7,49.505344827,1722269.0,0.0,1722252.0,31.0,48.509635137,0.00429031,1.573623048E9,1.5979711E9,
48.200361569,0.005685233,3.61E-7,49.194676336,3016049.0,0.0,3016014.0,43.0,48.200361569,0.005685233,1.537206885E9,1.57996798E9,
38.039535019,0.002143365,6.01E-7,39.037391654,2784767.0,0.0,2784720.0,46.0,38.039535019,0.002143365,1.351536253E9,1.394297348E9,
47.095005569,0.005309535,7.12E-7,48.089696034,2153511.0,0.0,2153491.0,36.0,47.095005569,0.005309535,1.567486347E9,1.5979711E9,
41.414114755,0.005396468,6.82E-7,42.408718287,3168094.0,0.0,3168060.0,43.0,41.414114755,0.005396468,1.311848941E9,1.354610036E9,
39.475017047,0.004927666,7.66E-7,40.470089381,2801412.0,0.0,2801385.0,39.0,39.475017047,0.004927666,1.411261971E9,1.454023066E9,
44.477339993,0.005862699,6.75E-7,45.471477294,3017214.0,0.0,3017176.0,43.0,44.477339993,0.005862699,1.527753276E9,1.570514371E9,
42.94784129,0.005779444,3.68E-7,43.942061846,3249795.0,0.0,3249774.0,43.0,42.94784129,0.005779444,1.283854054E9,1.326615149E9,
43.056146118,0.001795129,6.35E-7,44.054350989,3055486.0,0.0,3055470.0,38.0,43.056146118,0.001795129,1.287474265E9,1.33023536E9,
40.975356281,0.004463409,7.32E-7,41.970892872,2874988.0,0.0,2874958.0,39.0,40.975356281,0.004463409,1.390560631E9,1.433321726E9,
43.386943012,0.003842731,7.49E-7,44.383100281,2900628.0,0.0,2900595.0,35.0,43.386943012,0.003842731,1.348799552E9,1.391560647E9,
43.077665321,0.004478306,6.14E-7,44.073187015,3201524.0,0.0,3201493.0,41.0,43.077665321,0.004478306,1.342868968E9,1.388919378E9,
43.011439536,0.004896793,6.95E-7,44.006542743,353666.0,0.0,353647.0,28.0,43.011439536,0.004896793,1.592974085E9,1.5979711E9,
48.509360974,0.004496882,6.18E-7,49.504864092,3250427.0,0.0,3250402.0,35.0,48.509360974,0.004496882,1.519952658E9,1.566003068E9,
47.901818199,0.005395847,5.98E-7,48.896422352,3249335.0,0.0,3249302.0,42.0,47.901818199,0.005395847,1.525542786E9,1.571593196E9,
41.452112458,0.004195839,6.45E-7,42.447916619,3083198.0,0.0,3083168.0,41.0,41.452112458,0.004195839,1.360095113E9,1.406145523E9,
42.020678154,0.004641323,6.62E-7,43.016036831,3084169.0,0.0,3084135.0,42.0,42.020678154,0.004641323,1.356216112E9,1.402266522E9,
41.459169852,0.004602561,6.41E-7,42.454567291,3084225.0,0.0,3084205.0,34.0,41.459169852,0.004602561,1.420366599E9,1.466417009E9,
41.911493236,0.005974382,7.55E-7,42.905518854,3252388.0,0.0,3252359.0,42.0,41.911493236,0.005974382,1.540924103E9,1.586974513E9,
42.240098703,0.005008889,7.78E-7,43.235089814,3248426.0,0.0,3248401.0,39.0,42.240098703,0.005008889,1.28662463E9,1.33267504E9,
42.005427966,0.004926533,9.06E-7,43.000501433,3961754.0,0.0,3961734.0,43.0,42.005427966,0.004926533,1.279853733E9,1.325904143E9,
43.665748393,0.005755913,3.47E-7,44.65999248,3603758.0,0.0,3603719.0,49.0,43.665748393,0.005755913,1.300811511E9,1.350151236E9,
42.075790495,0.002899249,9.56E-7,43.072891246,3482806.0,0.0,3482773.0,45.0,42.075790495,0.002899249,1.513909487E9,1.563249212E9,
45.053704049,0.004190557,7.29E-7,46.049513492,3351001.0,0.0,3350962.0,42.0,45.053704049,0.004190557,1.295586897E9,1.344926622E9,
45.015923192,0.006221435,8.55E-7,46.009701757,3563678.0,0.0,3563638.0,50.0,45.015923192,0.006221435,1.317524927E9,1.366864652E9,
46.783226765,0.004995635,6.39E-7,47.77823113,3483046.0,0.0,3483010.0,47.0,46.783226765,0.004995635,1.47229051E9,1.521630235E9,
35.552565098,0.004542711,3.26E-7,36.548022387,49102.0,0.0,49083.0,27.0,35.552565098,0.004542711,1.597272157E9,1.5979711E9,
44.889682945,0.002831703,9.22E-7,45.886851242,3295610.0,0.0,3295575.0,44.0,44.889682945,0.002831703,1.379433758E9,1.428773483E9,
43.962904532,0.004439946,6.71E-7,44.958464586,3485894.0,0.0,3485868.0,41.0,43.962904532,0.004439946,1.544283422E9,1.593623147E9,
43.828068195,0.005428908,7.38E-7,44.822639287,3283119.0,0.0,3283091.0,42.0,43.828068195,0.005428908,1.414634773E9,1.463974498E9,
41.576355059,0.004553274,7.45E-7,42.571801785,3476573.0,0.0,3476538.0,47.0,41.576355059,0.004553274,1.298506501E9,1.347846226E9,
44.624668541,0.006203824,6.99E-7,45.618464717,3715126.0,0.0,3715091.0,50.0,44.624668541,0.006203824,1.346189304E9,1.398818344E9,
46.148590744,0.005902417,5.58E-7,47.142688327,3715426.0,0.0,3715389.0,47.0,46.148590744,0.005902417,1.516210693E9,1.568839733E9,
45.415957793,0.004737064,7.44E-7,46.411220729,417415.0,0.0,417397.0,27.0,45.415957793,0.004737064,1.592067387E9,1.5979711E9,
47.093877558,0.005684348,7.25E-7,48.08819321,3711637.0,0.0,3711605.0,45.0,47.093877558,0.005684348,1.492537694E9,1.545166734E9,
42.666508598,0.006019167,6.92E-7,43.660489431,3680663.0,0.0,3680626.0,45.0,42.666508598,0.006019167,1.441898708E9,1.494527748E9,
47.326851064,0.006137166,7.39E-7,48.320713898,3582841.0,0.0,3582805.0,46.0,47.326851064,0.006137166,1.425759305E9,1.478388345E9,
44.867768982,0.006470193,3.29E-7,45.861298789,3756039.0,0.0,3756000.0,50.0,44.867768982,0.006470193,1.321269485E9,1.373898525E9,
42.368689023,0.004001571,8.05E-7,43.364687452,3835788.0,0.0,3835745.0,50.0,42.368689023,0.004001571,1.306444696E9,1.359073736E9,
44.278567124,0.005553839,8.12E-7,45.273013285,3511151.0,0.0,3511117.0,45.0,44.278567124,0.005553839,1.361130602E9,1.413759642E9,
43.994684862,0.005805404,5.92E-7,44.988879458,3859464.0,0.0,3859430.0,48.0,43.994684862,0.005805404,1.291526793E9,1.344155833E9,
48.008179174,0.003662175,7.26E-7,49.004516999,2326264.0,0.0,2326251.0,31.0,48.008179174,0.003662175,1.56503863E9,1.5979711E9,
42.623913243,0.003744063,6.62E-7,43.62016918,3971301.0,0.0,3971260.0,48.0,42.623913243,0.003744063,1.287664369E9,1.343582724E9,
49.772550628,0.005600354,7.22E-7,50.766950274,3948470.0,0.0,3948437.0,48.0,49.772550628,0.005600354,1.46338895E9,1.519307305E9,
49.440327415,0.004056129,8.18E-7,50.436271286,3476520.0,0.0,3476506.0,34.0,49.440327415,0.004056129,1.548758068E9,1.5979711E9,
44.686334179,0.005049748,5.92E-7,45.681284431,3721638.0,0.0,3721612.0,44.0,44.686334179,0.005049748,1.37404131E9,1.429959665E9,
45.920039339,0.005023347,6.14E-7,46.915015992,4382499.0,0.0,4382472.0,46.0,45.920039339,0.005023347,1.28209212E9,1.338010475E9,
50.762235057,0.005179014,4.11E-7,51.757056043,2295786.0,0.0,2295767.0,38.0,50.762235057,0.005179014,1.565468539E9,1.5979711E9,
42.824034695,0.003036475,6.16E-7,43.82099822,3912355.0,0.0,3912320.0,46.0,42.824034695,0.003036475,1.441813908E9,1.497732263E9,
41.572239289,0.004210795,7.62E-7,42.568028494,3761404.0,0.0,3761375.0,44.0,41.572239289,0.004210795,1.416886294E9,1.472804649E9,
46.870597412,0.00609882,7.18E-7,47.864498592,3903859.0,0.0,3903826.0,49.0,46.870597412,0.00609882,1.44039871E9,1.496317065E9,
45.884118527,0.005656782,6.34E-7,46.878461745,4267232.0,0.0,4267196.0,48.0,45.884118527,0.005656782,1.305567169E9,1.364774839E9,
46.912768002,0.003383914,7.85E-7,47.909384088,4177988.0,0.0,4177963.0,47.0,46.912768002,0.003383914,1.481684941E9,1.540892611E9,
49.143512049,0.004383598,6.91E-7,50.139128451,1500202.0,0.0,1500182.0,33.0,49.143512049,0.004383598,1.576784418E9,1.5979711E9,
45.532881717,0.005219787,8.99E-7,46.52766193,4058247.0,0.0,4058213.0,43.0,45.532881717,0.005219787,1.427635082E9,1.486842752E9,
46.82604821,0.005642468,6.51E-7,47.820405742,4177451.0,0.0,4177422.0,48.0,46.82604821,0.005642468,1.512649165E9,1.571856835E9,
50.027408733,0.004864056,6.45E-7,51.022544677,4176752.0,0.0,4176713.0,50.0,50.027408733,0.004864056,1.475005453E9,1.534213123E9,
45.54958903,0.006219795,6.46E-7,46.543369235,4194039.0,0.0,4194011.0,48.0,45.54958903,0.006219795,1.288726891E9,1.347934561E9,
45.302008233,0.004998279,6.68E-7,46.297009954,4177287.0,0.0,4177259.0,42.0,45.302008233,0.004998279,1.493289798E9,1.552497468E9,
44.855358706,0.006342269,7.08E-7,45.849016437,4019059.0,0.0,4019018.0,50.0,44.855358706,0.006342269,1.421398945E9,1.480606615E9,
44.733969231,0.00497422,7.59E-7,45.728995011,4177669.0,0.0,4177637.0,44.0,44.733969231,0.00497422,1.51642097E9,1.57562864E9,
50.557827569,0.005020877,6.18E-7,51.552806692,3885273.0,0.0,3885255.0,40.0,50.557827569,0.005020877,1.542985091E9,1.5979711E9,
42.360213843,0.00433723,6.55E-7,43.355876613,4188585.0,0.0,4188561.0,39.0,42.360213843,0.00433723,1.410342618E9,1.472839603E9,
46.154378404,0.005576001,7.18E-7,47.148802403,4149698.0,0.0,4149669.0,47.0,46.154378404,0.005576001,1.356068893E9,1.418565878E9,
44.647147953,0.006562283,6.65E-7,45.64058567,4435551.0,0.0,4435514.0,55.0,44.647147953,0.006562283,1.31378182E9,1.376278805E9,
47.981832948,0.005909333,7.09E-7,48.975923615,4410558.0,0.0,4410524.0,50.0,47.981832948,0.005909333,1.484480651E9,1.546977636E9,
44.213445193,0.005539687,7.68E-7,45.207905506,4406486.0,0.0,4406451.0,47.0,44.213445193,0.005539687,1.318878498E9,1.381375483E9,
42.796905316,0.005834463,6.04E-7,43.791070853,4146267.0,0.0,4146235.0,47.0,42.796905316,0.005834463,1.378709344E9,1.441206329E9,
47.941855401,0.005919718,7.11E-7,48.935935683,4459494.0,0.0,4459457.0,52.0,47.941855401,0.005919718,1.309469518E9,1.371966503E9,
43.975992691,0.004117039,6.18E-7,44.971875652,4361638.0,0.0,4361614.0,39.0,43.975992691,0.004117039,1.344811137E9,1.407308122E9,
46.569243061,0.005809311,7.56E-7,47.56343375,4712907.0,0.0,4712876.0,50.0,46.569243061,0.005809311,1.292927861E9,1.355424846E9,
51.191983633,0.003820088,7.36E-7,52.188163545,4640619.0,0.0,4640584.0,45.0,51.191983633,0.003820088,1.447490588E9,1.513276888E9,
41.222193007,0.005061293,8.32E-7,42.217131714,4462442.0,0.0,4462416.0,44.0,41.222193007,0.005061293,1.417681557E9,1.483467857E9,
33.368219934,0.004533362,6.82E-7,34.363686572,62921.0,0.0,62899.0,29.0,33.368219934,0.004533362,1.597076087E9,1.5979711E9,
45.161402748,0.005600946,6.57E-7,46.155801802,4872395.0,0.0,4872365.0,48.0,45.161402748,0.005600946,1.289695808E9,1.355482108E9,
43.538629406,0.005682393,6.55E-7,44.532947013,5033132.0,0.0,5033087.0,49.0,43.538629406,0.005682393,1.282869924E9,1.348656224E9,
44.407854038,0.005432776,6.35E-7,45.402421262,4434542.0,0.0,4434512.0,45.0,44.407854038,0.005432776,1.394126214E9,1.459912514E9,
42.649789769,0.005150802,7.05E-7,43.644638967,4358699.0,0.0,4358670.0,46.0,42.649789769,0.005150802,1.377374473E9,1.443160773E9,
47.894171449,0.006309453,6.77E-7,48.887861996,4842554.0,0.0,4842523.0,54.0,47.894171449,0.006309453,1.289139656E9,1.354925956E9,
41.385410522,0.006625116,6.49E-7,42.378785406,4825465.0,0.0,4825426.0,56.0,41.385410522,0.006625116,1.286370126E9,1.352156426E9,
44.650062935,0.006114316,7.32E-7,45.643948619,4842011.0,0.0,4841982.0,53.0,44.650062935,0.006114316,1.287477418E9,1.353263718E9,
46.893400506,0.004524516,7.28E-7,47.88887599,4821225.0,0.0,4821191.0,50.0,46.893400506,0.004524516,1.320528734E9,1.389604349E9,
44.956829422,0.004700435,6.82E-7,45.952128987,4835456.0,0.0,4835423.0,47.0,44.956829422,0.004700435,1.441169489E9,1.510245104E9,
44.29327633,0.006931962,6.18E-7,45.286344368,4636174.0,0.0,4636134.0,55.0,44.29327633,0.006931962,1.407487687E9,1.476563302E9,
49.563837126,0.004362187,4.36E-7,50.559474939,4875591.0,0.0,4875568.0,44.0,49.563837126,0.004362187,1.484864165E9,1.55393978E9,
42.599393002,0.004742084,6.01E-7,43.594650918,4707022.0,0.0,4706990.0,50.0,42.599393002,0.004742084,1.419396322E9,1.488471937E9,
44.775308991,0.005766266,6.15E-7,45.769542725,6091746.0,0.0,6091719.0,55.0,44.775308991,0.005766266,1.276128835E9,1.34520445E9,
49.759229702,0.004857259,7.95E-7,50.754372443,2835108.0,0.0,2835090.0,38.0,49.759229702,0.004857259,1.557834413E9,1.5979711E9,
43.990767162,0.006056703,3.61E-7,44.984710459,4853173.0,0.0,4853137.0,50.0,43.990767162,0.006056703,1.333330833E9,1.402406448E9,
42.73594607,0.00266891,6.58E-7,43.73327716,4574478.0,0.0,4574458.0,42.0,42.73594607,0.00266891,1.36105683E9,1.430132445E9,
46.203648308,0.004687322,7.09E-7,47.198960986,4724181.0,0.0,4724154.0,46.0,46.203648308,0.004687322,1.422428463E9,1.491504078E9,
46.060153856,0.004164969,7.06E-7,47.055988887,5000275.0,0.0,5000249.0,46.0,46.060153856,0.004164969,1.344967211E9,1.417332141E9,
44.0255332,0.004082235,3.86E-7,45.021450965,4935366.0,0.0,4935332.0,52.0,44.0255332,0.004082235,1.418892895E9,1.491257825E9,
47.216441516,0.005001297,7.32E-7,48.211440219,5108170.0,0.0,5108134.0,55.0,47.216441516,0.005001297,1.456197488E9,1.528562418E9,
47.311057319,0.005276262,5.77E-7,48.305781057,4860935.0,0.0,4860900.0,50.0,47.311057319,0.005276262,1.406297694E9,1.478662624E9,
49.126189113,0.004292273,6.85E-7,50.12189684,2210457.0,0.0,2210438.0,35.0,49.126189113,0.004292273,1.566682507E9,1.5979711E9,
45.852431381,0.006169641,7.52E-7,46.84626174,5089435.0,0.0,5089396.0,57.0,45.852431381,0.006169641,1.328936846E9,1.401301776E9,
48.2825048,0.005093927,5.78E-7,49.277410873,5129362.0,0.0,5129338.0,50.0,48.2825048,0.005093927,1.297971582E9,1.370336512E9,
47.210525335,0.005275222,7.24E-7,48.205250113,5106867.0,0.0,5106835.0,50.0,47.210525335,0.005275222,1.467569782E9,1.539934712E9,
43.624684359,0.004443711,7.32E-7,44.620240648,4853038.0,0.0,4853011.0,42.0,43.624684359,0.004443711,1.38677632E9,1.45914125E9,
49.792159801,0.00433668,9.28E-7,50.787823121,5108404.0,0.0,5108375.0,47.0,49.792159801,0.00433668,1.452000509E9,1.524365439E9,
44.276172526,0.005901141,3.15E-7,45.270271385,5295649.0,0.0,5295606.0,56.0,44.276172526,0.005901141,1.321333936E9,1.396988181E9,
47.076226599,0.002099108,6.22E-7,48.074127491,5239822.0,0.0,5239794.0,53.0,47.076226599,0.002099108,1.296396264E9,1.372050509E9,
45.877426564,0.003613547,6.91E-7,46.873813017,2579608.0,0.0,2579591.0,36.0,45.877426564,0.003613547,1.561452122E9,1.5979711E9,
49.20225683,0.004020554,9.49E-7,50.198236276,958936.0,0.0,958923.0,26.0,49.20225683,0.004020554,1.584433313E9,1.5979711E9,
53.018185703,0.004870306,9.29E-7,54.013315397,5210114.0,0.0,5210097.0,45.0,53.018185703,0.004870306,1.524189389E9,1.5979711E9,
43.741266116,0.005776317,6.37E-7,44.735489799,5133468.0,0.0,5133437.0,52.0,43.741266116,0.005776317,1.412870957E9,1.488525202E9,
43.194840022,0.006180359,8.32E-7,44.188659663,4998712.0,0.0,4998684.0,52.0,43.194840022,0.006180359,1.360053692E9,1.435707937E9,
42.603624149,0.004639555,6.19E-7,43.598984594,5245976.0,0.0,5245936.0,55.0,42.603624149,0.004639555,1.339473409E9,1.415127654E9,
49.46981303,0.004787835,7.35E-7,50.465025195,2800115.0,0.0,2800097.0,36.0,49.46981303,0.004787835,1.558334581E9,1.5979711E9,
45.946153403,0.003678215,7.18E-7,46.942475188,6742525.0,0.0,6742502.0,58.0,45.946153403,0.003678215,1.274628817E9,1.350283062E9,
50.315046692,0.005547749,7.59E-7,51.309498943,5486715.0,0.0,5486685.0,51.0,50.315046692,0.005547749,1.43359443E9,1.51253799E9,
45.567779876,0.003651266,6.92E-7,46.56412861,4062830.0,0.0,4062811.0,43.0,45.567779876,0.003651266,1.540478287E9,1.5979711E9,
44.393738154,0.004922937,6.57E-7,45.388815217,5410314.0,0.0,5410287.0,53.0,44.393738154,0.004922937,1.347597103E9,1.426540663E9,
46.345768999,0.004920619,6.12E-7,47.34084838,5561540.0,0.0,5561510.0,51.0,46.345768999,0.004920619,1.446293163E9,1.525236723E9,
48.239623142,0.005761093,8.32E-7,49.233862049,5521793.0,0.0,5521755.0,55.0,48.239623142,0.005761093,1.439512021E9,1.518455581E9,
47.390746904,0.005823837,6.28E-7,48.384923067,5490693.0,0.0,5490652.0,55.0,47.390746904,0.005823837,1.333367183E9,1.412310743E9,
42.533585402,0.005073325,3.65E-7,43.528512077,5333384.0,0.0,5333348.0,51.0,42.533585402,0.005073325,1.407601002E9,1.486544562E9,
45.848035832,0.002547049,7.52E-7,46.845488783,5214164.0,0.0,5214134.0,51.0,45.848035832,0.002547049,1.354410828E9,1.433354388E9,
49.274048708,0.004884779,5.67E-7,50.269163929,5568926.0,0.0,5568900.0,48.0,49.274048708,0.004884779,1.503087134E9,1.582030694E9,
44.195374493,0.006206158,6.62E-7,45.189168335,5423781.0,0.0,5423744.0,58.0,44.195374493,0.006206158,1.422871999E9,1.501815559E9,
49.966633066,0.005368577,4.67E-7,50.961264489,4492586.0,0.0,4492565.0,46.0,49.966633066,0.005368577,1.534377751E9,1.5979711E9,
49.625902102,0.004553367,7.12E-7,50.621348735,5804338.0,0.0,5804305.0,52.0,49.625902102,0.004553367,1.45029239E9,1.532525265E9,
45.468886852,0.0055785,6.18E-7,46.463308352,5713680.0,0.0,5713644.0,55.0,45.468886852,0.0055785,1.312535493E9,1.394768368E9,
46.419121248,0.003308848,7.32E-7,47.4158124,5532876.0,0.0,5532838.0,54.0,46.419121248,0.003308848,1.402073848E9,1.484306723E9,
43.26569688,0.00334743,6.31E-7,44.26234945,5629560.0,0.0,5629534.0,50.0,43.26569688,0.00334743,1.418364312E9,1.500597187E9,
50.038805502,0.004849389,7.06E-7,51.033956113,1273549.0,0.0,1273532.0,32.0,50.038805502,0.004849389,1.58000559E9,1.5979711E9,
44.220001899,0.005139401,6.52E-7,45.214862498,5802615.0,0.0,5802586.0,51.0,44.220001899,0.005139401,1.316104004E9,1.398336879E9,
51.413530255,0.004095318,7.22E-7,52.409434937,5799874.0,0.0,5799839.0,57.0,51.413530255,0.004095318,1.495661657E9,1.577894532E9,
50.818154813,0.005068812,6.27E-7,51.813086001,2229632.0,0.0,2229613.0,36.0,50.818154813,0.005068812,1.566404725E9,1.5979711E9,
50.362358931,0.0058722,8.15E-7,51.356486731,5804313.0,0.0,5804277.0,53.0,50.362358931,0.0058722,1.473023794E9,1.555256669E9,
45.260865707,0.004943474,7.22E-7,46.255922233,5826511.0,0.0,5826480.0,50.0,45.260865707,0.004943474,1.394096297E9,1.479618487E9,
46.301930154,0.005486847,8.05E-7,47.296443307,5939380.0,0.0,5939347.0,54.0,46.301930154,0.005486847,1.310061799E9,1.395583989E9,
52.6371865,0.005301039,2.77E-7,53.631885461,6032772.0,0.0,6032746.0,50.0,52.6371865,0.005301039,1.492320788E9,1.577842978E9,
49.469257848,0.002345966,6.24E-7,50.466911882,3336135.0,0.0,3336117.0,38.0,49.469257848,0.002345966,1.550735517E9,1.5979711E9,
45.549720253,0.00494298,6.49E-7,46.544777273,5857845.0,0.0,5857821.0,50.0,45.549720253,0.00494298,1.343742153E9,1.429264343E9,
49.758133648,0.005054967,7.42E-7,50.753078681,5914115.0,0.0,5914084.0,50.0,49.758133648,0.005054967,1.427256265E9,1.512778455E9,
44.67089594,0.004668079,6.09E-7,45.666227861,5702958.0,0.0,5702932.0,48.0,44.67089594,0.004668079,1.374003561E9,1.459525751E9,
46.562966236,0.00585231,6.24E-7,47.557113926,5877493.0,0.0,5877456.0,59.0,46.562966236,0.00585231,1.340216575E9,1.425738765E9,
44.967290781,0.004764272,7.12E-7,45.962526509,6006124.0,0.0,6006093.0,54.0,44.967290781,0.004764272,1.318128748E9,1.403650938E9,
46.631068611,0.005134862,7.22E-7,47.625933749,6008638.0,0.0,6008606.0,57.0,46.631068611,0.005134862,1.31751431E9,1.4030365E9,
45.557407981,0.005041113,7.09E-7,46.552366868,5885727.0,0.0,5885698.0,50.0,45.557407981,0.005041113,1.365444086E9,1.454255591E9,
49.483091853,0.004583852,6.48E-7,50.478508001,6311969.0,0.0,6311943.0,57.0,49.483091853,0.004583852,1.288805576E9,1.377617081E9,
46.998552543,0.003899998,6.99E-7,47.994652545,5908026.0,0.0,5907993.0,55.0,46.998552543,0.003899998,1.369370341E9,1.458181846E9,
42.133570027,0.004842171,9.4E-7,43.128727856,5967528.0,0.0,5967500.0,52.0,42.133570027,0.004842171,1.379516863E9,1.468328368E9,
46.232190712,0.004252973,5.81E-7,47.227937739,8539471.0,0.0,8539448.0,60.0,46.232190712,0.004252973,1.269969923E9,1.358781428E9,
46.903396798,0.004926086,7.76E-7,47.898470712,6267835.0,0.0,6267806.0,50.0,46.903396798,0.004926086,1.449407349E9,1.538218854E9,
50.882628173,0.005632741,9.22E-7,51.876995432,4093637.0,0.0,4093618.0,43.0,50.882628173,0.005632741,1.540040479E9,1.5979711E9,
46.226817089,0.005304793,7.18E-7,47.221512296,5900692.0,0.0,5900662.0,52.0,46.226817089,0.005304793,1.368236287E9,1.457047792E9,
46.836726877,0.00626385,7.25E-7,47.830463027,6026144.0,0.0,6026104.0,59.0,46.836726877,0.00626385,1.406622912E9,1.495434417E9,
47.96081999,0.005582268,3.05E-7,48.955237722,6113327.0,0.0,6113297.0,52.0,47.96081999,0.005582268,1.421899566E9,1.510711071E9,
44.919464517,0.002564915,7.51E-7,45.916899602,7799701.0,0.0,7799674.0,58.0,44.919464517,0.002564915,1.275928579E9,1.368029399E9,
47.096423456,0.003760709,3.28E-7,48.092662747,1410741.0,0.0,1410721.0,32.0,47.096423456,0.003760709,1.57804819E9,1.5979711E9,
51.812607037,0.004362705,5.17E-7,52.808244332,6502031.0,0.0,6501993.0,61.0,51.812607037,0.004362705,1.458389879E9,1.550490699E9,
50.14654896,0.004644404,3.68E-7,51.141904556,7424654.0,0.0,7424616.0,61.0,50.14654896,0.004644404,1.27861765E9,1.37071847E9,
53.459317254,0.002770564,7.31E-7,54.45654669,6502576.0,0.0,6502547.0,49.0,53.459317254,0.002770564,1.467876097E9,1.559976917E9,
44.957930222,0.006228447,6.42E-7,45.951701775,6412363.0,0.0,6412330.0,59.0,44.957930222,0.006228447,1.321472855E9,1.413573675E9,
47.663186075,0.004635291,6.99E-7,48.658550784,6115641.0,0.0,6115615.0,52.0,47.663186075,0.004635291,1.365074327E9,1.457175147E9,
44.547349929,0.004585018,7.18E-7,45.542764911,6277318.0,0.0,6277288.0,50.0,44.547349929,0.004585018,1.391805952E9,1.483906772E9,
48.854718351,0.006050723,4.06E-7,49.848667628,6500681.0,0.0,6500641.0,56.0,48.854718351,0.006050723,1.474522828E9,1.566623648E9,
52.818751111,0.005770998,6.88E-7,53.812980113,6501120.0,0.0,6501090.0,58.0,52.818751111,0.005770998,1.480259927E9,1.572360747E9,
47.411758195,0.005216198,7.28E-7,48.406541997,760238.0,0.0,760217.0,29.0,47.411758195,0.005216198,1.587246736E9,1.5979711E9,
48.586904645,0.004860298,6.99E-7,49.582044347,6648307.0,0.0,6648281.0,51.0,48.586904645,0.004860298,1.433875776E9,1.529265911E9,
54.369285264,0.005909904,7.69E-7,55.36337536,6665800.0,0.0,6665768.0,58.0,54.369285264,0.005909904,1.437004378E9,1.532394513E9,
50.929326536,0.005250082,6.61E-7,51.924076454,1540860.0,0.0,1540836.0,36.0,50.929326536,0.005250082,1.57620118E9,1.5979711E9,
49.499587995,0.004937506,7.82E-7,50.494650489,6314021.0,0.0,6313993.0,51.0,49.499587995,0.004937506,1.3593457E9,1.454735835E9,
46.028400256,0.006221888,7.95E-7,47.022178368,6498249.0,0.0,6498210.0,58.0,46.028400256,0.006221888,1.390124316E9,1.485514451E9,
49.346822406,0.004523015,6.65E-7,50.342299391,6899478.0,0.0,6899446.0,55.0,49.346822406,0.004523015,1.284686376E9,1.380076511E9,
43.77340069,0.004753183,7.01E-7,44.768647507,6464728.0,0.0,6464702.0,50.0,43.77340069,0.004753183,1.384656163E9,1.480046298E9,
49.978480726,0.004791206,6.02E-7,50.97368952,3113770.0,0.0,3113754.0,38.0,49.978480726,0.004791206,1.553894727E9,1.5979711E9,
45.615532204,0.004979456,7.22E-7,46.610552748,6592607.0,0.0,6592578.0,54.0,45.615532204,0.004979456,1.327093255E9,1.42248339E9,
50.800938852,0.005285741,6.49E-7,51.795653111,6966445.0,0.0,6966410.0,57.0,50.800938852,0.005285741,1.452447256E9,1.551126706E9,
51.877976131,0.005627831,9.43E-7,52.8723483,3736332.0,0.0,3736318.0,38.0,51.877976131,0.005627831,1.545100871E9,1.5979711E9,
44.667512238,0.004274373,8.66E-7,45.663237865,664305.0,0.0,664290.0,26.0,44.667512238,0.004274373,1.588595261E9,1.5979711E9,
50.521333001,0.005838429,8.62E-7,51.515494572,6929862.0,0.0,6929827.0,60.0,50.521333001,0.005838429,1.304939267E9,1.403618717E9,
46.974579517,0.004841606,8.92E-7,47.969737911,3157466.0,0.0,3157448.0,38.0,46.974579517,0.004841606,1.55326812E9,1.5979711E9,
44.634629057,0.002893593,7.45E-7,45.631735464,6021403.0,0.0,6021389.0,47.0,44.634629057,0.002893593,1.512688684E9,1.5979711E9,
51.379364946,0.004477701,7.15E-7,52.374887245,2300724.0,0.0,2300706.0,33.0,51.379364946,0.004477701,1.565397646E9,1.5979711E9,
47.193378919,0.003659753,7.22E-7,48.189719166,6877385.0,0.0,6877359.0,52.0,47.193378919,0.003659753,1.433545558E9,1.532225008E9,
50.078690462,0.003651894,7.05E-7,51.075038568,3620210.0,0.0,3620193.0,37.0,50.078690462,0.003651894,1.546735409E9,1.5979711E9,
51.534224144,0.005610869,6.21E-7,52.528613275,6753360.0,0.0,6753328.0,59.0,51.534224144,0.005610869,1.411997195E9,1.510676645E9,
