59.930751229,0.080107162,4.97E-7,60.850644067,9284121.0,0.0,9284098.0,63.0,6.459375,34.282475609,0.03132213,2.3E-7,35.251153479,104159.0,0.0,104145.0,34.0,8.047916666666666,1.288802194E9,1.292091509E9,
41.002329052,0.014688053,5.01E-7,41.987640999,774315.0,0.0,774295.0,30.0,7.1187499999999995,31.927642706999997,0.014142243,4.21E-7,32.913500464,92603.0,0.0,92593.0,24.0,4.975,1.287793411E9,1.291082726E9,
44.887523652,0.013376518,4.24E-7,45.874147134,378301.0,0.0,378290.0,32.0,7.733333333333333,40.347365825,0.012752592,6.49E-7,41.334613233,424609.0,0.0,424576.0,32.0,6.533333333333333,1.432988368E9,1.439566998E9,
47.708106424,0.011281217,4.58E-7,48.696825207,9086592.0,0.0,9086565.0,60.0,4.9375,38.109583347,0.009841119,4.21E-7,39.099742228,463873.0,0.0,463849.0,31.0,6.826041666666666,1.477529051E9,1.484107681E9,
52.089520325,0.012236365,4.11E-7,53.07728396,8993310.0,0.0,8993289.0,67.0,7.388541666666666,42.045693446,0.010398291,4.58E-7,43.035295155,699099.0,0.0,699075.0,29.0,6.211458333333333,1.57855762E9,1.588425565E9,
53.336231401,0.010935555,4.07E-7,54.325295846,9288558.0,0.0,9288536.0,67.0,7.988541666666666,36.214819372,0.008596955,5.62E-7,37.206222417,1111753.0,0.0,1111738.0,31.0,5.626041666666666,1.28097922E9,1.290847165E9,
51.545724332,0.010465583,3.67E-7,52.535258749,9028355.0,0.0,9028334.0,59.0,4.930208333333334,38.548355273,0.008359642,4.38E-7,39.539995631,850452.0,0.0,850426.0,31.0,6.526041666666666,1.352273298E9,1.365430558E9,
50.474234426,0.011049404,5.68E-7,51.463185022,5595709.0,0.0,5595692.0,48.0,7.249999999999999,39.234258705,0.010893266,3.13E-7,40.223365439,927713.0,0.0,927680.0,38.0,7.777083333333334,1.524065923E9,1.537223183E9,
54.056138221,0.005194436,4.04E-7,55.050943785,9057207.0,0.0,9057185.0,63.0,7.059374999999999,38.727885716,0.011119976,4.85E-7,39.71676574,1161213.0,0.0,1161187.0,35.0,6.555208333333333,1.511643708E9,1.528090283E9,
48.750311603,0.008065474,4.58E-7,49.742246129,9067463.0,0.0,9067434.0,67.0,8.288541666666667,41.146459521,0.008891692,6.08E-7,42.137567829,1156100.0,0.0,1156054.0,38.0,7.777083333333334,1.349451382E9,1.365897957E9,
54.163043568,0.009835036,5.18E-7,55.153208532,9286880.0,0.0,9286860.0,64.0,6.766666666666667,39.820265701,0.007788954,5.76E-7,40.812476747,1274486.0,0.0,1274455.0,36.0,7.1625,1.421211243E9,1.440947133E9,
48.714463189,0.008853249,4.34E-7,49.70560994,9079892.0,0.0,9079872.0,63.0,6.459375,40.754120503,0.010470797,7.15E-7,41.743649706,1390280.0,0.0,1390246.0,37.0,6.569791666666666,1.325895909E9,1.345631799E9,
51.940864202,0.009566853,6.58E-7,52.931297349,9288829.0,0.0,9288811.0,60.0,5.8374999999999995,46.345331616,0.006801089,8.19E-7,47.338530527,1623954.0,0.0,1623938.0,25.0,4.082291666666666,1.551928331E9,1.574953536E9,
50.824879839,0.010253719,8.12E-7,51.81462612,4169176.0,0.0,4169150.0,45.0,7.528124999999999,43.811499595,0.005636253,6.69E-7,44.805863342,1711098.0,0.0,1711071.0,31.0,5.626041666666666,1.343517831E9,1.366543036E9,
46.84983072,0.00876995,8.62E-7,47.84106077,8836319.0,0.0,8836292.0,69.0,8.303125,43.057472979,0.009819476,7.08E-7,44.047653503,1852184.0,0.0,1852166.0,32.0,5.633333333333333,1.31340154E9,1.33971606E9,
54.841693279,0.009525881,6.78E-7,55.832167398,5269787.0,0.0,5269772.0,44.0,6.020833333333334,42.482575923,0.010641488,5.81E-7,43.471934435,1812900.0,0.0,1812869.0,33.0,4.740625,1.39161108E9,1.4179256E9,
53.517832165,0.00892925,7.42E-7,54.508902915,9288075.0,0.0,9288044.0,70.0,8.610416666666666,43.74795024,0.007404622,7.75E-7,44.740545618,1971292.0,0.0,1971258.0,35.0,5.6552083333333325,1.350155329E9,1.379759164E9,
47.183757516,0.010123012,6.65E-7,48.173634504,8889574.0,0.0,8889535.0,66.0,6.78125,42.246008531,0.009660478,9.28E-7,43.236348053,2082612.0,0.0,2082595.0,39.0,7.484374999999999,1.304858141E9,1.334461976E9,
48.31427194,0.006121184,8.09E-7,49.308150756,8890849.0,0.0,8890815.0,68.0,7.695833333333333,44.266216441,0.009293323,7.02E-7,45.256923118,2358964.0,0.0,2358927.0,45.0,7.528124999999999,1.342156081E9,1.375049231E9,
53.741054229,0.011669228,7.82E-7,54.729385001,8993890.0,0.0,8993858.0,69.0,7.703124999999999,41.521881671,0.008432101,6.51E-7,42.51344957,2127665.0,0.0,2127646.0,37.0,6.269791666666666,1.407770809E9,1.440663959E9,
53.230557102,0.010783995,7.92E-7,54.219773107,4040150.0,0.0,4040126.0,46.0,7.835416666666666,46.116418404,0.009850363,6.64E-7,47.106568041,2449387.0,0.0,2449354.0,42.0,7.20625,1.38264213E9,1.418824595E9,
48.230583926,0.011855735,8.02E-7,49.218728191,9032527.0,0.0,9032501.0,69.0,7.403124999999999,43.521491321,0.009596027,6.81E-7,44.511895294,2344862.0,0.0,2344824.0,35.0,5.955208333333333,1.397890202E9,1.434072667E9,
54.956740263,0.008066462,8.45E-7,55.948673801,6573881.0,0.0,6573875.0,49.0,6.357291666666667,41.248251229,0.010731455,8.39E-7,42.237519774,2658807.0,0.0,2658774.0,40.0,6.891666666666667,1.376527867E9,1.415999647E9,
55.147931107,0.009839895,7.08E-7,56.138091212,9142127.0,0.0,9142103.0,68.0,7.995833333333334,49.758512153,0.005164323,6.66E-7,50.75334783,2782950.0,0.0,2782923.0,39.0,6.584375,1.495159309E9,1.534631089E9,
52.981314511,0.009671666,6.99E-7,53.971642845,9088078.0,0.0,9088045.0,68.0,7.695833333333333,49.609401907,0.007182797,7.09E-7,50.60221911,2098865.0,0.0,2098847.0,34.0,6.547916666666667,1.568260532E9,1.5979711E9,
54.610757633,0.010251768,6.85E-7,55.600505865,9068790.0,0.0,9068756.0,71.0,8.617708333333333,48.308152103,0.008119285,8.19E-7,49.300032818,3018231.0,0.0,3018200.0,40.0,6.591666666666667,1.533426148E9,1.576187243E9,
51.798372651,0.008475336,6.92E-7,52.789897315,9230356.0,0.0,9230326.0,63.0,6.159375,44.712803492,0.00883496,8.45E-7,45.703968532,3136498.0,0.0,3136464.0,42.0,7.20625,1.428678612E9,1.474729022E9,
48.312295367,0.006557532,2.56E-7,49.305737835,8908484.0,0.0,8908462.0,61.0,5.544791666666666,48.737954415,0.007094858,3.81E-7,49.730859557,3250003.0,0.0,3249974.0,40.0,6.291666666666667,1.528736067E9,1.574786477E9,
52.047193254,0.009646352,4.21E-7,53.037546902,9114505.0,0.0,9114487.0,63.0,6.459375,47.245338287,0.010936444,1.32E-7,48.234401843,3451930.0,0.0,3451897.0,46.0,6.635416666666666,1.336398126E9,1.385737851E9,
53.29243676,0.005977164,2.51E-7,54.286459596,9156191.0,0.0,9156170.0,63.0,6.459375,46.947880377,0.011241816,2.58E-7,47.936638561,3302069.0,0.0,3302034.0,46.0,7.5354166666666655,1.395160952E9,1.444500677E9,
50.985496946,0.009675723,2.63E-7,51.975821223,9010956.0,0.0,9010931.0,68.0,7.395833333333333,51.320025987,0.009190629,2.58E-7,52.310835358,3713514.0,0.0,3713486.0,40.0,5.691666666666666,1.518837771E9,1.571466811E9,
49.419601956,0.009740192,2.55E-7,50.409861764,4641057.0,0.0,4641040.0,43.0,6.613541666666666,50.342272179,0.008903696,3.81E-7,51.333368483,1592751.0,0.0,1592731.0,34.0,6.847916666666666,1.575459427E9,1.5979711E9,
48.219361563,0.010322338,1.81E-7,49.209039225,9203424.0,0.0,9203403.0,70.0,7.710416666666666,45.444295699,0.008763316,4.48E-7,46.435532383,3808144.0,0.0,3808108.0,48.0,6.949999999999999,1.424721094E9,1.480639449E9,
56.958478567,0.007105625,1.78E-7,57.951372942,9171201.0,0.0,9171170.0,61.0,6.144791666666666,47.313179376,0.007122521,1.28E-7,48.306056855,3897916.0,0.0,3897892.0,42.0,5.10625,1.33283849E9,1.388756845E9,
52.075467076,0.005062332,2.94E-7,53.070404744,1355144.0,0.0,1355128.0,26.0,5.289583333333333,50.543423144,0.010176406,2.34E-7,51.533246738,4179905.0,0.0,4179873.0,44.0,6.020833333333334,1.466721735E9,1.525929405E9,
53.050739022,0.009297558,2.23E-7,54.041441464,7754330.0,0.0,7754318.0,53.0,6.386458333333334,43.923797634,0.008156252,1.15E-7,44.915641382,4164806.0,0.0,4164775.0,49.0,6.657291666666667,1.323492689E9,1.382700359E9,
51.790335075,0.006476363,2.27E-7,52.783858712,9176764.0,0.0,9176737.0,71.0,7.7177083333333325,51.881660689,0.009547238,2.24E-7,52.872113451,4408218.0,0.0,4408187.0,48.0,6.949999999999999,1.518093736E9,1.580590721E9,
49.521627526,0.009225139,2.31E-7,50.512402387,4554577.0,0.0,4554557.0,44.0,6.9208333333333325,44.138046534,0.008717233,2.27E-7,45.129329301,4146099.0,0.0,4146069.0,48.0,7.85,1.378857821E9,1.441354806E9,
54.29540161,0.013831157,2.35E-7,55.281570453,5190608.0,0.0,5190589.0,50.0,7.864583333333333,45.286287949,0.011122152,2.3E-7,46.275165797,4599187.0,0.0,4599165.0,51.0,7.271875,1.340514931E9,1.406301231E9,
49.117350792,0.007438932,2.28E-7,50.10991186,5847261.0,0.0,5847243.0,49.0,7.257291666666666,47.624166388,0.006745425,2.34E-7,48.617420963,4425056.0,0.0,4425021.0,50.0,7.864583333333333,1.392507307E9,1.458293607E9,
47.494657761,0.009062999,2.26E-7,48.485594762,2380841.0,0.0,2380821.0,37.0,7.169791666666666,44.758277447,0.010111881,2.3E-7,45.748165566,4642687.0,0.0,4642655.0,53.0,7.286458333333333,1.408434234E9,1.477509849E9,
49.563773224,0.00897205,2.24E-7,50.554801174,8886402.0,0.0,8886370.0,67.0,7.388541666666666,48.686223794,0.009112806,2.24E-7,49.677110988,4828782.0,0.0,4828757.0,44.0,4.820833333333333,1.319150649E9,1.388226264E9,
49.789673259,0.009608571,2.24E-7,50.780064688,8994746.0,0.0,8994712.0,68.0,7.395833333333333,45.315334667,0.00976839,2.17E-7,46.305566277,4844084.0,0.0,4844063.0,52.0,8.479166666666666,1.403158239E9,1.475523169E9,
49.804979335,0.006186471,2.64E-7,50.798792864,2033644.0,0.0,2033623.0,36.0,7.4624999999999995,46.960274669,0.008084222,2.2E-7,47.952190447,6547249.0,0.0,6547220.0,60.0,7.0375,1.273743123E9,1.346108053E9,
49.843881576,0.009970188,2.3E-7,50.833911388,9074672.0,0.0,9074651.0,67.0,7.688541666666666,35.098532484,0.007853606,2.21E-7,36.090678878,141175.0,0.0,141165.0,25.0,5.882291666666667,1.595985136E9,1.5979711E9,
56.986727217,0.008823266,2.21E-7,57.977903951,7037670.0,0.0,7037650.0,53.0,7.586458333333333,51.397447652,0.005984872,2.2E-7,52.39146278,3949219.0,0.0,3949198.0,43.0,6.913541666666666,1.542078971E9,1.5979711E9,
49.147780688,0.008694268,2.21E-7,50.13908642,8997603.0,0.0,8997573.0,65.0,7.973958333333333,51.154226565,0.011181034,1.16E-7,52.143045531,5571610.0,0.0,5571571.0,57.0,7.615625,1.464717762E9,1.543661322E9,
50.171032672,0.004555777,4.18E-7,51.166476895,1608677.0,0.0,1608660.0,30.0,5.6187499999999995,51.198523441,0.009708891,2.34E-7,52.18881455,2749182.0,0.0,2749163.0,38.0,7.177083333333333,1.559047137E9,1.5979711E9,
52.885522715,0.008852912,2.63E-7,53.876669803,2759861.0,0.0,2759844.0,38.0,7.177083333333333,48.97089773,0.00995027,2.31E-7,49.96094746,5738915.0,0.0,5738893.0,57.0,7.915625,1.30829893E9,1.390531805E9,
58.86223221,0.009489258,2.81E-7,59.852742952,9290472.0,0.0,9290454.0,66.0,7.98125,49.14413401,0.008390492,2.21E-7,50.135743518,5805399.0,0.0,5805381.0,48.0,6.6499999999999995,1.510951219E9,1.593184094E9,
49.71584259,0.007869507,2.23E-7,50.707973083,6214143.0,0.0,6214132.0,45.0,5.7281249999999995,47.137044607,0.008582374,2.33E-7,48.128462233,7281135.0,0.0,7281106.0,57.0,5.815625,1.27649712E9,1.36201931E9,
59.857062702,0.009836113,1.98E-7,60.847226589,9288911.0,0.0,9288877.0,70.0,8.610416666666666,48.489135682,0.011510548,1.74E-7,49.477625134,5900276.0,0.0,5900237.0,59.0,7.930208333333334,1.424838431E9,1.510360621E9,
50.678099743,0.004871767,2.31E-7,51.673227976,8842559.0,0.0,8842539.0,62.0,6.152083333333334,47.746345828,0.006064766,2.23E-7,48.740281062,4484711.0,0.0,4484692.0,47.0,7.842708333333333,1.534485375E9,1.5979711E9,
51.909713026,0.008007335,2.34E-7,52.901705691,5867946.0,0.0,5867936.0,43.0,5.413541666666666,41.937698495,0.008730313,1.73E-7,42.928968182,6091025.0,0.0,6090991.0,58.0,7.022916666666666,1.340207052E9,1.429018557E9,
56.180769468,0.004977683,4.31E-7,57.175791785,9031733.0,0.0,9031712.0,63.0,7.359374999999999,47.065703049,0.010022866,4.28E-7,48.055680183,6220385.0,0.0,6220356.0,54.0,7.293749999999999,1.382269006E9,1.474369826E9,
52.904023209,0.010681252,3.58E-7,53.893341957,8903983.0,0.0,8903954.0,65.0,6.773958333333333,50.946502687,0.008810573,2.21E-7,51.937692114,6499049.0,0.0,6499026.0,50.0,6.364583333333333,1.497206955E9,1.589307775E9,
48.62017538,0.009900016,3.88E-7,49.610275364,9120884.0,0.0,9120847.0,68.0,7.095833333333333,49.842612692,0.008950003,2.27E-7,50.833662689,6474183.0,0.0,6474150.0,59.0,7.930208333333334,1.347541745E9,1.44293188E9,
53.928352705,0.008910009,3.91E-7,54.919442696,7476127.0,0.0,7476108.0,58.0,7.922916666666667,54.754801368,0.008171054,2.21E-7,55.746630314,6088541.0,0.0,6088526.0,46.0,6.035416666666666,1.511745856E9,1.5979711E9,
54.890831774,0.010364213,2.24E-7,55.880467561,9236828.0,0.0,9236795.0,66.0,7.08125,49.18745462,0.009734164,2.25E-7,50.177720456,7046612.0,0.0,7046586.0,58.0,7.322916666666666,1.292782416E9,1.391461866E9,
49.812387733,0.006901166,2.28E-7,50.805486567,9297447.0,0.0,9297422.0,70.0,7.710416666666666,45.353131036,0.005488747,2.2E-7,46.347642289,996374.0,0.0,996356.0,31.0,7.126041666666666,1.583902126E9,1.5979711E9,
55.981176759,0.006548141,3.78E-7,56.974628618,9288460.0,0.0,9288440.0,68.0,8.295833333333333,54.332795044,0.008931899,2.34E-7,55.323863145,5048382.0,0.0,5048365.0,46.0,6.635416666666666,1.526476861E9,1.5979711E9,
47.265438738,0.008434046,3.57E-7,48.257004692,9067489.0,0.0,9067467.0,69.0,7.703124999999999,53.130111429,0.007074404,2.18E-7,54.123037025,7160458.0,0.0,7160423.0,62.0,7.352083333333333,1.441942422E9,1.543911187E9,
52.578352055,0.008300031,2.26E-7,53.570052024,3862152.0,0.0,3862133.0,40.0,5.991666666666667,55.192076651,0.007563065,2.6E-7,56.184513586,7427172.0,0.0,7427138.0,57.0,6.415625,1.470948632E9,1.576206712E9,
54.367185538,0.006601706,1.97E-7,55.360583832,8993776.0,0.0,8993745.0,63.0,6.459375,47.611546255,0.009340218,2.37E-7,48.602206037,543468.0,0.0,543446.0,31.0,7.4260416666666655,1.590295661E9,1.5979711E9,
55.990531243,0.010515675,2.94E-7,56.980015568,9270240.0,0.0,9270210.0,63.0,6.459375,49.053340285,0.009498645,2.81E-7,50.04384164,7801376.0,0.0,7801351.0,59.0,5.530208333333333,1.284063865E9,1.39261126E9,
48.978885551,0.01100842,2.75E-7,49.967877131,8996064.0,0.0,8996037.0,68.0,7.395833333333333,49.033581232,0.009584069,2.74E-7,50.023997163,7539185.0,0.0,7539154.0,66.0,8.28125,1.310372615E9,1.41892001E9,
44.264520716,0.009122669,1.3E-7,45.255398047,579003.0,0.0,578986.0,27.0,6.196875,51.221736051,0.007323881,2.28E-7,52.21441217,3156189.0,0.0,3156182.0,36.0,6.5625,1.553287088E9,1.5979711E9,
51.966815507,0.009213066,3.88E-7,52.957602441,9081004.0,0.0,9080979.0,65.0,6.773958333333333,51.297683867,0.010291536,2.34E-7,52.287392331,5559362.0,0.0,5559343.0,51.0,8.171875,1.519238831E9,1.5979711E9,
52.194425634,0.007037824,4.28E-7,53.18738781,9087265.0,0.0,9087235.0,69.0,8.303125,48.112106962,0.00948107,2.24E-7,49.102625892,8163401.0,0.0,8163387.0,63.0,7.359374999999999,1.289603893E9,1.404729918E9,
51.663797227,0.00828273,2.31E-7,52.655514497,9451602.0,0.0,9451577.0,69.0,7.1031249999999995,55.082587936,0.008981327,2.44E-7,56.073606609,8118040.0,0.0,8118005.0,60.0,6.7375,1.446628132E9,1.561754157E9,
51.088023743,0.010679348,2.57E-7,52.077344395,9085416.0,0.0,9085384.0,66.0,7.6812499999999995,56.729788532,0.010173869,3.65E-7,57.719614663,8356833.0,0.0,8356801.0,63.0,6.459375,1.45949978E9,1.57791512E9,
53.457470986,0.008420038,2.31E-7,54.449050948,4454810.0,0.0,4454786.0,47.0,7.842708333333333,52.009763459,0.009876114,2.51E-7,52.999887345,8357764.0,0.0,8357732.0,61.0,6.744791666666666,1.470939832E9,1.589355172E9,
56.267842199,0.009399381,2.31E-7,57.258442818,5141110.0,0.0,5141096.0,43.0,5.713541666666666,51.070645909,0.0098173,2.31E-7,52.060828609,674669.0,0.0,674646.0,31.0,7.4260416666666655,1.588453172E9,1.5979711E9,
52.161640511,0.005918001,2.25E-7,53.15572251,9286387.0,0.0,9286369.0,62.0,6.152083333333334,49.109142294,0.008638912,4.07E-7,50.100503382,3516769.0,0.0,3516751.0,39.0,7.484374999999999,1.548188562E9,1.5979711E9,
51.680102326,0.006064521,3.44E-7,52.674037805,6376099.0,0.0,6376083.0,56.0,8.508333333333333,51.46606525,0.006745166,2.3E-7,52.459320084,1.0908518E7,0.0,1.0908489E7,77.0,7.761458333333333,1.269536418E9,1.394530388E9,
54.980679922,0.010418678,4.07E-7,55.970261244,9244648.0,0.0,9244616.0,67.0,7.388541666666666,51.558948816,0.00873461,4.08E-7,52.550214206,8529054.0,0.0,8529037.0,61.0,6.444791666666666,1.325493668E9,1.450487638E9,
55.103120131,0.009362533,2.67E-7,56.093757598,9017303.0,0.0,9017274.0,64.0,6.766666666666667,49.625596438,0.008811027,2.27E-7,50.616785411,5331527.0,0.0,5331506.0,49.0,7.557291666666666,1.522463156E9,1.5979711E9,
53.650669006,0.009931059,2.31E-7,54.640737947,1.1129082E7,0.0,1.1129056E7,80.0,8.683333333333334,53.713783667,0.006418076,2.37E-7,54.707365591,8928734.0,0.0,8928712.0,63.0,7.059374999999999,1.42668851E9,1.554971795E9,
50.247696666,0.010437719,2.0E-7,51.237258947,8993240.0,0.0,8993210.0,68.0,7.695833333333333,59.707898879,0.009657115,1.22E-7,60.698241764,9129610.0,0.0,9129589.0,69.0,8.303125,1.421580457E9,1.553153057E9,
49.833825437,0.008106375,4.35E-7,50.825719062,9064136.0,0.0,9064116.0,65.0,6.473958333333333,50.481285885,0.008754112,2.24E-7,51.472531773,5676114.0,0.0,5676100.0,46.0,6.335416666666666,1.517587545E9,1.5979711E9,
52.321693466,0.00912194,2.71E-7,53.312571526,9137550.0,0.0,9137531.0,64.0,6.766666666666667,51.109599909,0.009781996,2.27E-7,52.099817913,1.1197305E7,0.0,1.1197288E7,73.0,6.832291666666666,1.272291449E9,1.407153364E9,
59.109436799,0.009138076,2.64E-7,60.100298723,6094283.0,0.0,6094267.0,51.0,7.5718749999999995,65.361160262,0.009289634,1.57E-7,66.351870628,9491194.0,0.0,9491169.0,65.0,6.773958333333333,1.443904278E9,1.578766193E9,
64.004547466,0.010325935,1.49E-7,64.994221531,8690721.0,0.0,8690698.0,61.0,6.744791666666666,54.883191941,0.00525823,2.13E-7,55.877933711,1463816.0,0.0,1463801.0,28.0,5.904166666666667,1.577304552E9,1.5979711E9,
51.111808712,0.005556182,2.33E-7,52.10625253,2523606.0,0.0,2523586.0,39.0,7.784375,62.929665276,0.010047482,2.24E-7,63.919617794,9659065.0,0.0,9659045.0,67.0,7.988541666666666,1.461164923E9,1.5979711E9,
63.520803461,0.009916318,1.27E-7,64.510887143,8967414.0,0.0,8967390.0,60.0,6.4375,62.418885199,0.007951097,2.68E-7,63.410934102,9906865.0,0.0,9906836.0,66.0,6.78125,1.435459201E9,1.576899746E9,
63.745500241,0.009874684,2.41E-7,64.735625557,8905560.0,0.0,8905537.0,62.0,7.052083333333333,59.587353143,0.008988994,3.64E-7,60.578364149,4174877.0,0.0,4174855.0,43.0,6.913541666666666,1.538880085E9,1.5979711E9,
61.2433325,0.006104023,2.58E-7,62.237228477,5394388.0,0.0,5394373.0,44.0,6.020833333333334,59.10288087,0.010273963,3.5E-7,60.092606907,5721160.0,0.0,5721141.0,50.0,7.564583333333332,1.516948858E9,1.5979711E9,
50.796536219,0.007895155,2.31E-7,51.788641064,1422507.0,0.0,1422492.0,28.0,5.904166666666667,61.732681525,0.009332946,2.41E-7,62.723348579,8742577.0,0.0,8742555.0,62.0,7.052083333333333,1.474146419E9,1.5979711E9,
60.238099228,0.009202545,1.17E-7,61.228896683,6327347.0,0.0,6327331.0,53.0,7.586458333333333,59.283896523,0.006233186,2.37E-7,60.277663337,1.0238995E7,0.0,1.0238964E7,74.0,8.339583333333334,1.412373183E9,1.560392358E9,
61.741074635,0.007554173,2.5E-7,62.733520462,9289035.0,0.0,9289016.0,64.0,7.366666666666666,62.01616094,0.009630789,2.63E-7,63.006530151,1.0449733E7,0.0,1.0449718E7,67.0,7.688541666666666,1.448093597E9,1.596112772E9,
61.224517352,0.00695659,2.67E-7,62.217560762,9288675.0,0.0,9288648.0,65.0,7.073958333333333,53.307942769,0.005353054,2.37E-7,54.302589715,689226.0,0.0,689210.0,25.0,5.582291666666666,1.588241921E9,1.5979711E9,
59.005004912,0.009631717,2.3E-7,59.995373195,8993862.0,0.0,8993836.0,64.0,6.166666666666667,59.893014512,0.009223011,2.84E-7,60.883791501,1.038118E7,0.0,1.0381163E7,68.0,6.495833333333334,1.307209974E9,1.458518464E9,
56.337039183,0.007893075,2.21E-7,57.329146108,8869517.0,0.0,8869484.0,66.0,7.6812499999999995,59.208044885,0.008170955,2.3E-7,60.19987393,1.0641683E7,0.0,1.0641667E7,74.0,8.639583333333333,1.401941372E9,1.556539177E9,
54.232711564,0.008414808,1.18E-7,55.224296756,8993434.0,0.0,8993417.0,62.0,5.852083333333333,59.996278877,0.005303975,3.81E-7,60.990974902,5966553.0,0.0,5966536.0,52.0,7.879166666666666,1.513478043E9,1.5979711E9,
56.657443768,0.010472738,2.51E-7,57.64697103,9404044.0,0.0,9404019.0,66.0,6.18125,62.523345029,0.010656328,2.33E-7,63.512688701,1.0847735E7,0.0,1.0847714E7,70.0,6.210416666666667,1.3022109E9,1.46009802E9,
59.84313629,0.009914382,3.54E-7,60.833221908,6382996.0,0.0,6382980.0,55.0,8.201041666666667,61.252220914,0.010754355,2.64E-7,62.241466559,1.1014713E7,0.0,1.1014691E7,75.0,7.4468749999999995,1.291194255E9,1.449081375E9,
62.802995184,0.009190658,2.23E-7,63.793804526,8846372.0,0.0,8846354.0,58.0,5.822916666666666,60.562636254,0.008351966,2.34E-7,61.554284288,1.1065326E7,0.0,1.1065301E7,70.0,6.810416666666667,1.378041517E9,1.539217952E9,
56.173298985,0.00675009,2.33E-7,57.166548895,6519754.0,0.0,6519748.0,51.0,6.971875,53.917667329,0.009038472,3.58E-7,54.908628857,1149534.0,0.0,1149514.0,33.0,7.740625,1.581762287E9,1.5979711E9,
57.940626298,0.00979353,4.65E-7,58.930832768,8784666.0,0.0,8784649.0,59.0,6.130208333333334,59.322012606,0.007480939,2.2E-7,60.314531667,1.1317699E7,0.0,1.1317663E7,82.0,8.697916666666666,1.32979092E9,1.49425667E9,
55.837021171,0.009766149,2.26E-7,56.827255022,8907898.0,0.0,8907869.0,65.0,6.773958333333333,59.780893691,0.008804735,4.21E-7,60.772088956,1.1318969E7,0.0,1.1318944E7,67.0,5.888541666666666,1.34518249E9,1.50964824E9,
57.093590825,0.009082351,2.24E-7,58.084508474,717774.0,0.0,717755.0,29.0,6.8114583333333325,61.160534412,0.00739461,3.58E-7,62.153139802,1.1398478E7,0.0,1.1398456E7,78.0,8.66875,1.355074297E9,1.522829362E9,
57.162370611,0.008444582,2.2E-7,58.153926029,9290436.0,0.0,9290415.0,60.0,4.6375,61.735548887,0.008498113,2.3E-7,62.727050774,6803548.0,0.0,6803542.0,49.0,6.357291666666667,1.501590071E9,1.5979711E9,
56.925506942,0.005204292,2.24E-7,57.92030265,3282219.0,0.0,3282210.0,37.0,6.869791666666666,65.307980869,0.011663503,2.23E-7,66.296317366,1.1828435E7,0.0,1.1828415E7,80.0,8.083333333333334,1.407047863E9,1.578092243E9,
57.615691734,0.009617069,2.3E-7,58.606074665,9062653.0,0.0,9062630.0,60.0,6.1375,60.771137369,0.00724651,8.9E-8,61.763890859,1.1857518E7,0.0,1.1857487E7,73.0,6.232291666666667,1.392844338E9,1.563888718E9,
55.084550769,0.004927221,1.15E-7,56.079623548,8892255.0,0.0,8892220.0,69.0,8.003125,68.430411549,0.006034496,2.58E-7,69.424377053,1.2094244E7,0.0,1.2094213E7,82.0,9.597916666666666,1.412298722E9,1.586632417E9,
60.235308654,0.009402867,2.33E-7,61.225905787,9288869.0,0.0,9288849.0,66.0,7.6812499999999995,56.848175656,0.007799121,2.21E-7,57.840376535,3798816.0,0.0,3798804.0,35.0,5.955208333333333,1.544208429E9,1.5979711E9,
56.77816871,0.008217543,4.11E-7,57.769951167,3887967.0,0.0,3887946.0,44.0,7.220833333333333,57.136103405,0.014080945,2.28E-7,58.12202246,4027860.0,0.0,4027839.0,43.0,6.913541666666666,1.540978887E9,1.5979711E9,
54.78427924,0.008774419,2.54E-7,55.775504821,3614088.0,0.0,3614072.0,38.0,7.177083333333333,55.805657937,0.00857188,2.23E-7,56.797086057,3110597.0,0.0,3110590.0,39.0,7.484374999999999,1.553942357E9,1.5979711E9,
51.855327626,0.005996825,2.34E-7,52.849330801,3156939.0,0.0,3156932.0,39.0,7.484374999999999,61.49409477,0.007958505,3.84E-7,62.486136265,1.2479014E7,0.0,1.2478995E7,73.0,6.232291666666667,1.344606253E9,1.525518578E9,
58.301095839,0.008684518,3.47E-7,59.292411321,4581278.0,0.0,4581260.0,44.0,6.9208333333333325,59.610443796,0.00856984,2.21E-7,60.601873956,7999566.0,0.0,7999551.0,57.0,7.315625,1.48467974E9,1.5979711E9,
58.251562447,0.011037017,2.28E-7,59.24052543,9018767.0,0.0,9018738.0,72.0,8.325,62.794691665,0.010286715,2.23E-7,63.78440495,7573170.0,0.0,7573157.0,53.0,6.386458333333334,1.49069129E9,1.5979711E9,
55.447360719,0.008863085,2.34E-7,56.438497634,1338774.0,0.0,1338754.0,35.0,8.055208333333333,57.990820826,0.007322939,2.31E-7,58.983497887,3606179.0,0.0,3606165.0,34.0,5.947916666666667,1.546936852E9,1.5979711E9,
53.175990558,0.008253926,2.2E-7,54.167736632,8864432.0,0.0,8864392.0,65.0,7.3739583333333325,57.844010176,0.008274328,2.34E-7,58.835735848,4499368.0,0.0,4499350.0,42.0,6.30625,1.534280402E9,1.5979711E9,
59.296288042,0.004621963,2.07E-7,60.291666079,8992058.0,0.0,8992031.0,58.0,4.922916666666667,65.651940889,0.008881008,4.24E-7,66.643059881,1.1174465E7,0.0,1.1174451E7,66.0,6.18125,1.438914246E9,1.5979711E9,
59.919731342,0.009186451,2.24E-7,60.910544891,9156754.0,0.0,9156726.0,69.0,8.303125,61.452940369,0.008844631,2.7E-7,62.444095738,8656557.0,0.0,8656540.0,57.0,5.515625,1.475348869E9,1.5979711E9,
62.251827425,0.006902158,2.31E-7,63.244925267,9289649.0,0.0,9289629.0,67.0,8.288541666666667,64.54553163,0.006418904,2.35E-7,65.539112726,1.0284426E7,0.0,1.0284418E7,66.0,7.38125,1.45230795E9,1.5979711E9,
57.952822201,0.008193253,3.54E-7,58.944628948,7885751.0,0.0,7885731.0,56.0,7.308333333333333,64.480646237,0.008614394,2.34E-7,65.472031843,9910447.0,0.0,9910425.0,67.0,7.688541666666666,1.457617643E9,1.5979711E9,
57.658081175,0.008220758,3.47E-7,58.649860417,4275134.0,0.0,4275118.0,39.0,5.684374999999999,62.70096938,0.007175189,2.21E-7,63.693794191,1.3426453E7,0.0,1.3426428E7,79.0,6.276041666666667,1.384354193E9,1.578423778E9,
62.656131636,0.008336551,2.55E-7,63.647795085,8969978.0,0.0,8969947.0,64.0,7.666666666666666,56.540070342,0.01084232,2.81E-7,57.529228022,3340776.0,0.0,3340766.0,37.0,6.869791666666666,1.550672459E9,1.5979711E9,
64.844953071,0.009553221,2.1E-7,65.83539985,9286560.0,0.0,9286540.0,63.0,6.459375,58.847237047,0.010112194,2.3E-7,59.837124853,9501649.0,0.0,9501628.0,65.0,7.3739583333333325,1.463405465E9,1.5979711E9,
55.636537993,0.007750896,2.61E-7,56.628787097,9074592.0,0.0,9074567.0,56.0,4.608333333333333,56.219004271,0.008373187,2.21E-7,57.210631084,4617527.0,0.0,4617507.0,45.0,7.2281249999999995,1.532600146E9,1.5979711E9,
60.716265155,0.009296788,2.2E-7,61.706968367,8993998.0,0.0,8993981.0,70.0,8.310416666666667,62.614246697,0.006966751,2.31E-7,63.607279946,1.3865879E7,0.0,1.3865861E7,86.0,7.8270833333333325,1.308346148E9,1.508994363E9,
47.509136648,0.008502304,2.21E-7,48.500634344,644650.0,0.0,644631.0,29.0,6.8114583333333325,60.684281254,0.008325106,2.28E-7,61.675956148,1.0156362E7,0.0,1.0156354E7,65.0,7.073958333333333,1.454123731E9,1.5979711E9,
55.550943014,0.007777532,2.34E-7,56.543165482,9010683.0,0.0,9010662.0,64.0,6.166666666666667,64.393890011,0.0100544,2.51E-7,65.383835611,1.4245671E7,0.0,1.4245634E7,90.0,8.45625,1.29425355E9,1.49819108E9,
54.646138126,0.007031671,2.44E-7,55.639106455,4970853.0,0.0,4970834.0,44.0,6.620833333333334,43.583613347,0.009575306,3.14E-7,44.574038041,93813.0,0.0,93803.0,27.0,6.496875,1.596646808E9,1.5979711E9,
58.291312895,0.008699017,3.5E-7,59.282613878,2552936.0,0.0,2552916.0,37.0,7.169791666666666,62.666939728,0.008526036,4.18E-7,63.658413692,1.4323351E7,0.0,1.4323323E7,83.0,7.205208333333333,1.379018962E9,1.586245807E9,
44.102440899,0.00845246,2.28E-7,45.093988439,113382.0,0.0,113372.0,26.0,6.189583333333333,59.681490531,0.006990942,2.27E-7,60.674499589,7947669.0,0.0,7947657.0,52.0,6.079166666666667,1.485408096E9,1.5979711E9,
58.857869913,0.007257029,4.44E-7,59.850612884,9918762.0,0.0,9918738.0,72.0,7.424999999999999,68.674337926,0.008209982,3.54E-7,69.666127944,1.4564103E7,0.0,1.4564079E7,83.0,5.705208333333333,1.311696032E9,1.522212192E9,
41.563227254,0.006312258,2.21E-7,42.556914996,2032.0,0.0,2022.0,30.0,7.418749999999999,59.217063527,0.008281431,2.34E-7,60.208782096,2951740.0,0.0,2951733.0,38.0,7.177083333333333,1.556167455E9,1.5979711E9,
62.478685929,0.005712458,3.44E-7,63.472973471,9244159.0,0.0,9244131.0,60.0,5.2375,61.444583248,0.008683491,3.6E-7,62.435899757,1.4805406E7,0.0,1.4805392E7,88.0,6.941666666666666,1.286786192E9,1.500591667E9,
60.446048225,0.00622955,2.35E-7,61.439818675,9025431.0,0.0,9025405.0,69.0,8.003125,65.024718757,0.008944364,2.31E-7,66.015774393,1.02413E7,0.0,1.0241292E7,64.0,6.766666666666667,1.452918986E9,1.5979711E9,
59.251652146,0.009966712,3.0E-7,60.241685434,9085337.0,0.0,9085300.0,72.0,8.925,68.175502129,0.005686589,2.5E-7,69.16981554,1.5178586E7,0.0,1.5178561E7,85.0,6.019791666666666,1.291802658E9,1.508897448E9,
55.991628496,0.010878215,2.34E-7,56.980750281,8889351.0,0.0,8889316.0,69.0,8.003125,63.735561371,0.007831022,2.24E-7,64.727730349,1.5993436E7,0.0,1.5993412E7,91.0,6.663541666666666,1.279658949E9,1.500043054E9,
63.824578438,0.009648288,2.75E-7,64.81493015,9204181.0,0.0,9204142.0,72.0,8.625,66.013136835,0.009233832,2.5E-7,67.003903003,1.6483706E7,0.0,1.6483689E7,95.0,6.992708333333333,1.276139579E9,1.496523684E9,
60.426352828,0.009496168,2.24E-7,61.41685666,4014084.0,0.0,4014064.0,41.0,6.298958333333333,72.311791913,0.008650041,2.21E-7,73.303141872,1.5244794E7,0.0,1.5244785E7,82.0,6.897916666666666,1.377608719E9,1.5979711E9,
56.078728103,0.00823199,2.34E-7,57.070496113,4855526.0,0.0,4855509.0,41.0,5.698958333333333,64.78864599,0.01113397,2.28E-7,65.77751202,1.5497196E7,0.0,1.5497169E7,87.0,6.034374999999999,1.334908432E9,1.558581852E9,
58.317458898,0.005913635,3.34E-7,59.311545263,7233005.0,0.0,7232995.0,48.0,5.449999999999999,55.490645805,0.007685522,2.23E-7,56.482960283,7384764.0,0.0,7384753.0,48.0,5.449999999999999,1.493355656E9,1.5979711E9,
60.1976188,0.008345861,2.35E-7,61.189272939,5901516.0,0.0,5901496.0,50.0,7.564583333333332,56.194439659,0.009126418,2.23E-7,57.185313241,3468874.0,0.0,3468857.0,39.0,7.484374999999999,1.548866297E9,1.5979711E9,
54.539621692,0.010990083,4.24E-7,55.528631609,8994705.0,0.0,8994685.0,75.0,9.846874999999999,62.129166753,0.007867024,2.21E-7,63.121299729,8449586.0,0.0,8449574.0,56.0,7.008333333333333,1.478305477E9,1.5979711E9,
54.706202728,0.009013507,2.33E-7,55.697189221,4723465.0,0.0,4723447.0,41.0,5.998958333333333,67.734552845,0.008711221,3.71E-7,68.725841624,1.5961069E7,0.0,1.5961035E7,95.0,7.292708333333333,1.332603428E9,1.562855478E9,
64.88892646,0.00784714,2.34E-7,65.88107932,9052179.0,0.0,9052156.0,63.0,7.359374999999999,69.453564016,0.009300802,2.98E-7,70.444263214,1.811268E7,0.0,1.8112663E7,103.0,7.051041666666666,1.270981456E9,1.504522821E9,
58.626558784,0.008495095,2.23E-7,59.618063689,8307817.0,0.0,8307801.0,61.0,8.544791666666667,62.326088777,0.00835967,4.04E-7,63.317729107,1.3233038E7,0.0,1.323303E7,80.0,8.083333333333334,1.407096252E9,1.5979711E9,
61.133514306,0.007954876,1.15E-7,62.12555943,5376023.0,0.0,5376004.0,47.0,6.942708333333333,67.5989354,0.004522818,2.26E-7,68.594412582,1.6426495E7,0.0,1.6426472E7,94.0,7.885416666666666,1.347249198E9,1.584079878E9,
60.427078539,0.009274769,2.2E-7,61.41780377,8006452.0,0.0,8006435.0,58.0,7.622916666666666,66.925661053,0.008843767,1.86E-7,67.916817286,1.4899737E7,0.0,1.4899723E7,84.0,7.512499999999999,1.382990565E9,1.5979711E9,
54.080385905,0.008240651,2.34E-7,55.072145254,8994416.0,0.0,8994391.0,65.0,6.773958333333333,70.33866654,0.00817356,3.44E-7,71.33049298,1.7639156E7,0.0,1.7639131E7,101.0,6.736458333333333,1.277574477E9,1.517694472E9,
62.929478514,0.00785348,2.86E-7,63.921625034,9173065.0,0.0,9173042.0,56.0,4.608333333333333,57.79288001,0.00629461,2.33E-7,58.7865854,2653255.0,0.0,2653236.0,36.0,6.8625,1.560407864E9,1.5979711E9,
58.605055898,0.008413783,2.35E-7,59.596642115,1.0465409E7,0.0,1.0465396E7,71.0,7.417708333333333,40.263075822,0.007277694,3.91E-7,41.255798128,128049.0,0.0,128039.0,26.0,6.189583333333333,1.596167317E9,1.5979711E9,
61.941998548,0.008387092,2.24E-7,62.933611456,9267426.0,0.0,9267400.0,61.0,6.744791666666666,66.256163088,0.008233451,2.3E-7,67.247929637,1.6601961E7,0.0,1.6601958E7,94.0,8.785416666666666,1.356652028E9,1.5979711E9,
56.350959411,0.008400873,2.2E-7,57.342558538,3585925.0,0.0,3585910.0,37.0,6.869791666666666,73.038499781,0.008190281,2.04E-7,74.0303095,1.7127579E7,0.0,1.7127559E7,98.0,6.414583333333334,1.286904282E9,1.533602907E9,
56.176428279,0.00866769,1.22E-7,57.167760589,8974375.0,0.0,8974353.0,61.0,6.744791666666666,53.509608348,0.008693783,2.27E-7,54.500914565,504468.0,0.0,504457.0,27.0,6.196875,1.590850916E9,1.5979711E9,
59.003149529,0.007949328,4.18E-7,59.995200201,8005071.0,0.0,8005057.0,56.0,7.008333333333333,61.358719694,0.006193892,2.35E-7,62.352525802,9213001.0,0.0,9212985.0,58.0,5.522916666666666,1.467498884E9,1.5979711E9,
54.599636397,0.00777852,3.74E-7,55.591857877,6107696.0,0.0,6107679.0,50.0,7.2645833333333325,53.752115234,0.008824434,2.64E-7,54.7432908,5771124.0,0.0,5771109.0,48.0,6.949999999999999,1.516244478E9,1.5979711E9,
54.526991586,0.008762571,4.54E-7,55.518229015,9121736.0,0.0,9121711.0,67.0,7.688541666666666,72.934666797,0.009851784,2.21E-7,73.924815013,1.7470207E7,0.0,1.7470188E7,99.0,7.021875,1.296918702E9,1.550195957E9,
60.922965327,0.008596332,2.31E-7,61.914368995,5822198.0,0.0,5822178.0,51.0,7.871875,57.939499757,0.008123115,1.3E-7,58.931376642,1.1914125E7,0.0,1.1914109E7,71.0,7.117708333333333,1.427484624E9,1.5979711E9,
56.416054123,0.005790059,2.34E-7,57.410264064,9142704.0,0.0,9142682.0,67.0,7.688541666666666,59.097388049,0.008478471,2.53E-7,60.088909578,1.0627703E7,0.0,1.0627682E7,68.0,7.995833333333334,1.447389165E9,1.5979711E9,
53.722949368,0.009875275,2.5E-7,54.713074093,8993539.0,0.0,8993520.0,67.0,7.388541666666666,55.249216993,0.008283527,2.21E-7,56.240933466,1988538.0,0.0,1988523.0,31.0,5.926041666666666,1.569835082E9,1.5979711E9,
59.115395712,0.007416757,2.31E-7,60.107978955,4364331.0,0.0,4364315.0,40.0,5.991666666666667,57.48351109,0.008418753,2.33E-7,58.475092337,6505815.0,0.0,6505809.0,48.0,6.05,1.50583568E9,1.5979711E9,
54.219600635,0.00937409,2.54E-7,55.210226545,8912034.0,0.0,8912002.0,68.0,7.695833333333333,77.404916437,0.007997143,2.31E-7,78.396919294,1.8195072E7,0.0,1.8195057E7,105.0,7.365625,1.291275792E9,1.551131677E9,
59.271082642,0.008747263,2.34E-7,60.262335379,2532972.0,0.0,2532954.0,36.0,6.8625,58.250036059,0.009628886,1.17E-7,59.240407173,1334630.0,0.0,1334610.0,34.0,7.747916666666667,1.579145575E9,1.5979711E9,
57.699582992,0.00497426,4.07E-7,58.694608732,2477653.0,0.0,2477633.0,35.0,6.555208333333333,56.971850717,0.008861041,2.3E-7,57.962989676,4019873.0,0.0,4019850.0,45.0,7.528124999999999,1.541090111E9,1.5979711E9,
57.317320823,0.003644834,2.33E-7,58.313675989,9103479.0,0.0,9103446.0,66.0,7.08125,66.866021041,0.009098232,1.64E-7,67.856922809,1.1900045E7,0.0,1.1900031E7,70.0,6.810416666666667,1.427700998E9,1.5979711E9,
59.629275074,0.006745436,2.8E-7,60.622529638,9288679.0,0.0,9288656.0,68.0,8.295833333333333,57.391761281,0.004452704,2.3E-7,58.387308577,2611332.0,0.0,2611314.0,34.0,6.247916666666667,1.560996408E9,1.5979711E9,
55.907829265,0.007523385,2.31E-7,56.90030588,9146752.0,0.0,9146730.0,63.0,6.459375,64.962152932,0.008140147,2.34E-7,65.954012785,1.4516403E7,0.0,1.451639E7,80.0,6.583333333333333,1.388927753E9,1.5979711E9,
55.07037903,0.010008379,3.47E-7,56.060370651,8869191.0,0.0,8869156.0,66.0,7.08125,64.9352293,0.004733439,2.91E-7,65.930495861,1.7707072E7,0.0,1.7707065E7,88.0,6.041666666666666,1.343031056E9,1.5979711E9,
59.515325922,0.008092854,2.57E-7,60.507233068,9216904.0,0.0,9216881.0,65.0,7.673958333333332,60.543604557,0.009542463,2.34E-7,61.534062094,9116529.0,0.0,9116508.0,64.0,7.666666666666666,1.468849113E9,1.5979711E9,
56.883595529,0.014063725,2.3E-7,57.869531804,9063912.0,0.0,9063871.0,69.0,7.703124999999999,62.033361041,0.006287914,2.31E-7,63.027073127,9632143.0,0.0,9632123.0,65.0,7.3739583333333325,1.461540834E9,1.5979711E9,
56.288120921,0.006198523,4.11E-7,57.281922398,8009933.0,0.0,8009921.0,54.0,6.39375,56.82640233,0.008932513,3.81E-7,57.817469817,7133869.0,0.0,7133854.0,51.0,6.671875,1.496910453E9,1.5979711E9,
54.136508508,0.008823609,2.25E-7,55.127684899,8901341.0,0.0,8901313.0,64.0,6.466666666666667,75.322845201,0.007798814,2.3E-7,76.315046387,1.922885E7,0.0,1.922883E7,106.0,6.172916666666666,1.28720971E9,1.56351217E9,
60.331562579,0.008459491,4.14E-7,61.323103088,9011492.0,0.0,9011463.0,61.0,5.544791666666666,59.568164981,0.010931383,2.46E-7,60.557233598,7778761.0,0.0,7778745.0,57.0,7.615625,1.487786717E9,1.5979711E9,
54.398950808,0.010540189,2.24E-7,55.388410619,1.0111225E7,0.0,1.0111193E7,70.0,6.210416666666667,58.570237433,0.005389559,2.38E-7,59.564847874,8394710.0,0.0,8394700.0,54.0,6.39375,1.479082663E9,1.5979711E9,
56.108571498,0.008288169,4.14E-7,57.100283329,9016785.0,0.0,9016757.0,60.0,5.5375,59.02215353,0.007465168,2.27E-7,60.014688362,8501759.0,0.0,8501749.0,55.0,6.701041666666667,1.477555246E9,1.5979711E9,
53.156453745,0.011530556,1.24E-7,54.144923189,3853035.0,0.0,3853009.0,44.0,7.220833333333333,53.162027176,0.004534144,2.31E-7,54.157493032,2239060.0,0.0,2239034.0,39.0,8.084375,1.566277271E9,1.5979711E9,
55.662243399,0.008814433,3.58E-7,56.653428966,1.0335706E7,0.0,1.0335684E7,73.0,8.032291666666666,62.250974294,0.008178462,2.33E-7,63.242795832,9101571.0,0.0,9101556.0,59.0,6.130208333333334,1.469059421E9,1.5979711E9,
58.125802763,0.008125066,2.26E-7,59.117677697,9035279.0,0.0,9035258.0,65.0,6.773958333333333,68.504618132,0.007255774,2.24E-7,69.497362358,1.8451063E7,0.0,1.845105E7,100.0,6.729166666666667,1.332464214E9,1.5979711E9,
54.724047714,0.006567658,1.97E-7,55.717480056,8993513.0,0.0,8993497.0,69.0,8.003125,66.539698265,0.007747466,3.61E-7,67.531950799,1.0899476E7,0.0,1.0899463E7,65.0,6.773958333333333,1.443188393E9,1.5979711E9,
66.439432728,0.009188816,2.51E-7,67.430243912,9286423.0,0.0,9286405.0,68.0,7.995833333333334,62.679070915,0.006451239,3.64E-7,63.672619676,9627362.0,0.0,9627342.0,65.0,7.3739583333333325,1.461607369E9,1.5979711E9,
55.306779234,0.00800695,2.09E-7,56.298772284,9011098.0,0.0,9011075.0,60.0,5.8374999999999995,70.87815283,0.007228331,2.21E-7,71.870924499,2.0368784E7,0.0,2.0368767E7,112.0,8.616666666666667,1.300607478E9,1.593356513E9,
54.738168823,0.007028009,1.13E-7,55.731140814,7645111.0,0.0,7645100.0,50.0,5.464583333333333,56.285996971,0.004666988,2.23E-7,57.281329983,4794827.0,0.0,4794809.0,43.0,6.313541666666667,1.53008788E9,1.5979711E9,
53.47650798,0.009088691,2.5E-7,54.467419289,8876150.0,0.0,8876110.0,64.0,6.466666666666667,61.873509945,0.007572008,2.34E-7,62.865937937,1.2324053E7,0.0,1.2324043E7,68.0,5.595833333333333,1.421123841E9,1.5979711E9,
55.589059226,0.007450624,2.24E-7,56.581608602,9156474.0,0.0,9156449.0,64.0,6.766666666666667,65.090211278,0.007807215,2.34E-7,66.082404063,1.2892346E7,0.0,1.2892333E7,76.0,7.7541666666666655,1.41238625E9,1.5979711E9,
59.055906036,0.008374422,4.55E-7,60.047531614,9078496.0,0.0,9078466.0,64.0,6.466666666666667,71.569318703,0.008368472,9.0E-8,72.560950231,1.8526299E7,0.0,1.8526285E7,102.0,7.34375,1.331390194E9,1.5979711E9,
54.021086707,0.008988552,2.35E-7,55.012098155,1229242.0,0.0,1229229.0,25.0,4.982291666666667,60.679935657,0.009519686,3.61E-7,61.670415971,7412633.0,0.0,7412617.0,56.0,7.308333333333333,1.492962646E9,1.5979711E9,
57.724775603,0.008459396,2.34E-7,58.716316207,9070977.0,0.0,9070951.0,59.0,5.530208333333333,55.191426364,0.009181399,2.24E-7,56.182244965,2826904.0,0.0,2826888.0,40.0,7.791666666666667,1.557953231E9,1.5979711E9,
54.356723871,0.007438677,2.65E-7,55.349285194,9294192.0,0.0,9294169.0,70.0,7.710416666666666,72.827769378,0.006268433,2.33E-7,73.821500945,2.0844921E7,0.0,2.0844916E7,107.0,7.080208333333333,1.296871209E9,1.5979711E9,
56.592686523,0.010183486,2.54E-7,57.582503037,9913544.0,0.0,9913522.0,71.0,7.117708333333333,55.872696044,0.008862089,2.54E-7,56.863833955,5426277.0,0.0,5426261.0,47.0,6.942708333333333,1.521113691E9,1.5979711E9,
64.708074312,0.009626518,4.48E-7,65.698447794,9288352.0,0.0,9288332.0,67.0,7.988541666666666,64.282152049,0.005783051,3.54E-7,65.276368998,1.038791E7,0.0,1.0387899E7,62.0,6.152083333333334,1.450846228E9,1.5979711E9,
58.214616069,0.011051662,2.21E-7,59.203564407,9009741.0,0.0,9009706.0,67.0,7.388541666666666,70.113846895,0.007756867,1.58E-7,71.106090028,1.8421568E7,0.0,1.8421556E7,101.0,7.036458333333333,1.332885751E9,1.5979711E9,
59.770482476,0.00648275,2.3E-7,60.763999726,4999989.0,0.0,4999970.0,45.0,6.928125,61.105378262,0.008886897,2.21E-7,62.096491365,5787852.0,0.0,5787832.0,50.0,7.564583333333332,1.516011286E9,1.5979711E9,
62.078144835,0.00914442,2.34E-7,63.069000415,9261792.0,0.0,9261767.0,63.0,7.059374999999999,65.924351411,0.008669569,2.24E-7,66.915681842,1.6886662E7,0.0,1.6886656E7,89.0,7.2489583333333325,1.352238923E9,1.5979711E9,
62.487014976,0.009534007,1.23E-7,63.477480969,7120359.0,0.0,7120339.0,57.0,8.515625,55.140385313,0.005546046,2.34E-7,56.134839267,881080.0,0.0,881065.0,28.0,6.504166666666666,1.585533303E9,1.5979711E9,
55.447424627,0.008127186,2.76E-7,56.439297441,991799.0,0.0,991781.0,29.0,6.511458333333334,74.1754388,0.008210877,2.02E-7,75.167227923,2.0231553E7,0.0,2.0231549E7,105.0,6.465625,1.307156929E9,1.5979711E9,
56.401533076,0.004520439,2.24E-7,57.397012637,5890886.0,0.0,5890874.0,44.0,5.720833333333333,67.375175536,0.008752386,2.23E-7,68.36642315,1.5002332E7,0.0,1.5002317E7,84.0,7.512499999999999,1.381391661E9,1.5979711E9,
53.246722896,0.008111772,2.31E-7,54.238611124,3392286.0,0.0,3392272.0,36.0,6.5625,67.505948774,0.009079504,2.23E-7,68.49686927,1.1043851E7,0.0,1.1043833E7,69.0,7.1031249999999995,1.440953826E9,1.5979711E9,
53.926933243,0.008963926,2.24E-7,54.917969317,2445566.0,0.0,2445547.0,37.0,7.169791666666666,58.398123094,0.008523791,2.2E-7,59.389599303,5746961.0,0.0,5746942.0,48.0,6.949999999999999,1.51658667E9,1.5979711E9,
55.697473705,0.009630682,2.33E-7,56.687843023,9023658.0,0.0,9023633.0,67.0,7.688541666666666,60.218631568,0.0085829,2.34E-7,61.210048668,8348578.0,0.0,8348565.0,57.0,7.315625,1.4797454E9,1.5979711E9,
57.362177487,0.006360853,2.31E-7,58.355816634,5581401.0,0.0,5581382.0,47.0,6.942708333333333,56.510759429,0.008905692,2.27E-7,57.501853737,2529442.0,0.0,2529426.0,34.0,6.247916666666667,1.562161354E9,1.5979711E9,
57.301373802,0.005311065,2.58E-7,58.296062737,9167372.0,0.0,9167343.0,61.0,6.144791666666666,74.304718876,0.005938897,2.3E-7,75.298779979,2.1663269E7,0.0,2.1663265E7,112.0,6.816666666666666,1.287396314E9,1.5979711E9,
58.370239629,0.008226621,2.33E-7,59.362013008,7059941.0,0.0,7059924.0,53.0,7.586458333333333,69.120935364,0.009299007,3.43E-7,70.111636357,1.8381585E7,0.0,1.8381571E7,101.0,7.036458333333333,1.333452004E9,1.5979711E9,
60.746086354,0.005924515,4.15E-7,61.740161839,9165146.0,0.0,9165111.0,66.0,7.6812499999999995,55.32586928,0.007643481,2.21E-7,56.318225799,880708.0,0.0,880694.0,26.0,5.889583333333333,1.58554017E9,1.5979711E9,
56.363034124,0.009766653,3.77E-7,57.353267471,9279498.0,0.0,9279476.0,67.0,7.388541666666666,75.363886687,0.008208234,2.77E-7,76.355678453,2.0018745E7,0.0,2.0018732E7,107.0,7.380208333333333,1.310193508E9,1.5979711E9,
