69.871210094,0.048218001,5.48E-7,70.822992093,1.3078789E7,0.0,1.3078779E7,70.0,5.910416666666666,42.541204042,0.034120263,3.45E-7,43.507083779,230942.0,0.0,230920.0,31.0,6.826041666666666,1.310036214E9,1.313325529E9,
63.578230676000004,0.01593394,4.27E-7,64.562296736,1.0700132E7,0.0,1.0700116E7,64.0,6.766666666666667,42.938175735,0.015434617,3.1E-7,43.922741118,233873.0,0.0,233843.0,30.0,6.81875,1.582406043E9,1.585695358E9,
61.972645603,0.00819193,5.68E-7,62.964453673,1.0500016E7,0.0,1.0499996E7,68.0,7.995833333333334,41.684052601,0.00914447,5.56E-7,42.674908131,460664.0,0.0,460649.0,24.0,4.675,1.314063672E9,1.320642302E9,
59.071773025,0.010571289,3.88E-7,60.061201736,4660568.0,0.0,4660553.0,41.0,5.998958333333333,43.278491298,0.014556645,4.31E-7,44.263934653,463106.0,0.0,463070.0,35.0,6.255208333333333,1.336995885E9,1.343574515E9,
51.792258844,0.009562248,4.21E-7,52.782696596,1600572.0,0.0,1600551.0,35.0,7.1552083333333325,49.620264044,0.01242836,3.78E-7,50.607835684,698548.0,0.0,698526.0,31.0,7.126041666666666,1.545122802E9,1.554990747E9,
70.557811242,0.011115582,6.18E-7,71.54669566,1.5961108E7,0.0,1.5961078E7,94.0,6.985416666666667,45.860662837,0.008611421,2.39E-7,46.852051416,697103.0,0.0,697076.0,33.0,6.840624999999999,1.460507149E9,1.470375094E9,
70.149127983,0.005969576,6.08E-7,71.143158407,1.5956106E7,0.0,1.5956078E7,94.0,6.985416666666667,53.602248976,0.007335122,4.55E-7,54.594913854,914286.0,0.0,914250.0,31.0,7.126041666666666,1.445649747E9,1.458807007E9,
60.949614566,0.010008068,5.75E-7,61.939606498,5571844.0,0.0,5571829.0,44.0,6.020833333333334,53.545739239,0.008049701,4.87E-7,54.537689538,789656.0,0.0,789637.0,27.0,6.196875,1.586828873E9,1.5979711E9,
58.304165569,0.009926042,2.2E-7,59.294239527,5895919.0,0.0,5895906.0,47.0,6.642708333333333,46.73218643,0.005213604,4.24E-7,47.726972826,1064615.0,0.0,1064591.0,30.0,6.21875,1.409518663E9,1.425965238E9,
69.506270689,0.006824091,5.75E-7,70.499446598,1.5955608E7,0.0,1.5955581E7,94.0,6.985416666666667,48.808662259,0.009603466,4.58E-7,49.799058793,1063252.0,0.0,1063226.0,34.0,6.847916666666666,1.41605329E9,1.432499865E9,
75.743285272,0.011067748,4.88E-7,76.732217524,1.5892624E7,0.0,1.5892604E7,96.0,7.6,45.46303975,0.009093683,6.65E-7,46.453946067,1277683.0,0.0,1277656.0,34.0,6.847916666666666,1.41163492E9,1.43137081E9,
58.085096732,0.008169626,5.15E-7,59.076927106,6714095.0,0.0,6714089.0,51.0,6.971875,44.468118909,0.010202858,6.34E-7,45.457916051,1276501.0,0.0,1276476.0,39.0,7.484374999999999,1.407392031E9,1.427127921E9,
62.672706355,0.008910314,6.59E-7,63.663796041,1.2214551E7,0.0,1.2214538E7,71.0,6.517708333333333,55.907907932,0.008542558,4.68E-7,56.899365374,1475802.0,0.0,1475786.0,30.0,6.51875,1.577135723E9,1.5979711E9,
66.492438077,0.01024828,3.74E-7,67.482189797,1.1804685E7,0.0,1.1804666E7,73.0,7.732291666666666,50.210246185,0.011021217,5.71E-7,51.199224968,1714906.0,0.0,1714866.0,41.0,8.698958333333334,1.342823887E9,1.365849092E9,
68.806395942,0.011729314,4.54E-7,69.794666628,1.6797067E7,0.0,1.6797026E7,101.0,7.9364583333333325,51.808523843,0.011003469,4.69E-7,52.797520374,1859523.0,0.0,1859485.0,38.0,6.277083333333334,1.542391744E9,1.568706264E9,
71.172059033,0.01133134,5.78E-7,72.160727693,1.5955579E7,0.0,1.5955549E7,94.0,7.885416666666666,50.964355222,0.010334283,1.159E-6,51.954020939,1923722.0,0.0,1923689.0,36.0,6.5625,1.343718228E9,1.370032748E9,
61.878184733,0.008026787,4.87E-7,62.870157946,9008231.0,0.0,9008212.0,59.0,6.130208333333334,47.098011456,0.008518735,5.21E-7,48.089492721,2142251.0,0.0,2142219.0,35.0,6.255208333333333,1.342544613E9,1.372148448E9,
63.085931339,0.009857291,6.01E-7,64.076074048,4504432.0,0.0,4504414.0,42.0,6.30625,49.419704041,0.010328268,4.71E-7,50.409375773,1930823.0,0.0,1930799.0,36.0,6.8625,1.296257186E9,1.325861021E9,
60.416855143,0.006161415,6.45E-7,61.410693728,6577368.0,0.0,6577362.0,49.0,6.357291666666667,50.027193725,0.012636713,5.61E-7,51.014557012,4506707.0,0.0,4506691.0,55.0,10.001041666666666,1.269464897E9,1.302358047E9,
50.74874842,0.008909934,6.66E-7,51.739838486,2293866.0,0.0,2293848.0,34.0,6.547916666666667,49.603098021,0.011434138,2.37E-7,50.591663883,2481707.0,0.0,2481677.0,45.0,7.828125,1.320652027E9,1.353545177E9,
66.057086275,0.005162606,6.48E-7,67.051923669,1.5848117E7,0.0,1.5848103E7,89.0,7.548958333333333,48.412343862,0.010820714,4.82E-7,49.401523148,2360571.0,0.0,2360551.0,39.0,7.184374999999999,1.415663092E9,1.451845557E9,
63.114213221,0.00858675,3.03E-7,64.105626471,8764580.0,0.0,8764557.0,62.0,7.052083333333333,56.049384295,0.005335411,4.01E-7,57.044048884,607724.0,0.0,607708.0,27.0,6.196875,1.589395549E9,1.5979711E9,
66.871955669,0.01218438,6.38E-7,67.859771289,1.4897222E7,0.0,1.4897206E7,86.0,8.127083333333333,54.821852419,0.007554813,8.29E-7,55.814297606,3077322.0,0.0,3077290.0,46.0,7.835416666666666,1.283366321E9,1.322838101E9,
71.656561636,0.00797481,6.35E-7,72.648586826,1.5953066E7,0.0,1.5953047E7,92.0,7.270833333333333,57.502166769,0.00865972,7.12E-7,58.493507049,2290008.0,0.0,2289994.0,30.0,5.31875,1.565550688E9,1.5979711E9,
58.37629511,0.01016371,2.34E-7,59.3661314,2963993.0,0.0,2963986.0,42.0,8.40625,53.959688378,0.011139412,2.44E-7,54.948548966,3018169.0,0.0,3018143.0,41.0,6.598958333333333,1.485522087E9,1.528283182E9,
68.84065993,0.010523511,2.7E-7,69.830136419,1.5955241E7,0.0,1.5955211E7,92.0,7.270833333333333,55.535891355,0.00762129,2.34E-7,56.528270065,3062843.0,0.0,3062808.0,43.0,6.613541666666666,1.330441592E9,1.373202687E9,
55.908230492,0.009225427,2.21E-7,56.899005065,3271530.0,0.0,3271521.0,36.0,6.5625,51.264683752,0.0110821,2.48E-7,52.253601652,3083797.0,0.0,3083785.0,51.0,9.971874999999999,1.355373047E9,1.401423457E9,
59.268160314,0.010667524,3.54E-7,60.25749279,2296562.0,0.0,2296542.0,38.0,7.777083333333334,57.063873326,0.009092186,2.36E-7,58.05478114,2535727.0,0.0,2535708.0,35.0,6.555208333333333,1.562073862E9,1.5979711E9,
63.01484581,0.005776526,2.44E-7,64.009069284,6976287.0,0.0,6976272.0,51.0,6.971875,51.802162028,0.010310195,3.65E-7,52.791851833,3408214.0,0.0,3408174.0,43.0,6.013541666666667,1.435544835E9,1.48488456E9,
66.837960893,0.005579486,2.27E-7,67.832381407,1.5960888E7,0.0,1.5960861E7,93.0,6.678125,50.631625462,0.008883878,1.67E-7,51.622741584,3401963.0,0.0,3401931.0,41.0,5.998958333333333,1.344535072E9,1.393874797E9,
67.174255286,0.006685065,1.38E-7,68.167570221,1.5958231E7,0.0,1.5958207E7,91.0,6.363541666666666,55.878033843,0.011086575,2.4E-7,56.866947268,3613727.0,0.0,3613690.0,49.0,7.857291666666667,1.431153497E9,1.483782537E9,
66.349711171,0.009131804,1.27E-7,67.340579367,1.596077E7,0.0,1.5960746E7,88.0,6.941666666666666,50.328940461,0.00939223,2.17E-7,51.319548231,3508215.0,0.0,3508181.0,47.0,7.242708333333333,1.374131237E9,1.426760277E9,
69.355523535,0.00991597,1.44E-7,70.345607565,9332913.0,0.0,9332890.0,67.0,8.288541666666667,52.346792232,0.006834664,3.77E-7,53.339957568,3723298.0,0.0,3723270.0,40.0,5.391666666666667,1.35988437E9,1.415802725E9,
69.34714032,0.009975653,2.64E-7,70.337164667,1.6311568E7,0.0,1.631154E7,100.0,7.329166666666667,53.225850962,0.010308628,1.47E-7,54.215542334,3724625.0,0.0,3724589.0,50.0,8.164583333333333,1.386950158E9,1.442868513E9,
67.087752628,0.004865244,2.64E-7,68.082887384,1.3447466E7,0.0,1.3447458E7,77.0,7.161458333333333,55.189269865,0.007538484,2.48E-7,56.181731381,4178467.0,0.0,4178437.0,43.0,6.313541666666667,1.515815393E9,1.575023063E9,
65.199881254,0.010345284,2.48E-7,66.18953597,1.2367091E7,0.0,1.2367078E7,73.0,7.132291666666666,56.54421087,0.006286233,2.61E-7,57.537924637,4183027.0,0.0,4183008.0,44.0,7.220833333333333,1.538002335E9,1.597210005E9,
57.052580752,0.009901799,2.84E-7,58.042678953,2682239.0,0.0,2682225.0,36.0,6.5625,52.655486412,0.008547108,2.87E-7,53.646939304,4414443.0,0.0,4414423.0,44.0,6.9208333333333325,1.533364441E9,1.595861426E9,
66.119446705,0.009591433,1.38E-7,67.109855272,1.2872799E7,0.0,1.2872786E7,76.0,7.7541666666666655,52.75696466,0.008498255,2.58E-7,53.748466405,4147322.0,0.0,4147287.0,50.0,7.564583333333332,1.373035348E9,1.435532333E9,
70.712731084,0.008840434,4.34E-7,71.70389065,1.5953821E7,0.0,1.5953805E7,88.0,6.041666666666666,55.745038961,0.008756656,2.38E-7,56.736282305,3810684.0,0.0,3810673.0,36.0,6.2625,1.544036983E9,1.5979711E9,
68.208213107,0.009280942,1.34E-7,69.198932165,1.5960408E7,0.0,1.5960384E7,92.0,6.370833333333334,52.491227974,0.005697404,2.27E-7,53.48553057,4482840.0,0.0,4482806.0,46.0,6.035416666666666,1.4211225E9,1.4869088E9,
68.73384125,0.0081173,3.81E-7,69.72572395,1.579047E7,0.0,1.5790454E7,85.0,6.019791666666666,42.119219927,0.007807438,2.47E-7,43.111412489,124941.0,0.0,124931.0,26.0,6.189583333333333,1.59621297E9,1.5979711E9,
65.522390673,0.01048871,2.51E-7,66.511901963,1.1475206E7,0.0,1.147519E7,71.0,7.117708333333333,54.751933062,0.008948131,2.43E-7,55.742984931,4931779.0,0.0,4931752.0,53.0,7.886458333333334,1.301602262E9,1.370677877E9,
68.746039406,0.010713671,2.64E-7,69.735325735,1.5788383E7,0.0,1.5788364E7,93.0,8.478125,55.585301352,0.008104872,2.65E-7,56.57719648,5109724.0,0.0,5109705.0,53.0,8.786458333333334,1.524381423E9,1.596746353E9,
64.209159814,0.007372244,2.84E-7,65.20178757,1.2277175E7,0.0,1.2277157E7,74.0,7.439583333333333,51.496955885,0.010260207,2.44E-7,52.486695678,5369612.0,0.0,5369577.0,56.0,7.908333333333333,1.291165473E9,1.363530403E9,
67.161811832,0.010009968,2.37E-7,68.151801864,1.2227368E7,0.0,1.2227352E7,75.0,7.746874999999999,58.133101625,0.010073801,4.11E-7,59.123027824,824846.0,0.0,824828.0,29.0,6.8114583333333325,1.586324842E9,1.5979711E9,
65.373261808,0.009377063,2.34E-7,66.363884745,1.5952862E7,0.0,1.5952852E7,83.0,4.505208333333333,61.308764912,0.009677692,2.85E-7,62.29908722,4218218.0,0.0,4218199.0,41.0,6.298958333333333,1.538264037E9,1.5979711E9,
67.832936118,0.010789687,4.61E-7,68.822146431,1.6250508E7,0.0,1.6250472E7,97.0,6.407291666666667,55.475320321,0.006362616,2.57E-7,56.468957705,5442014.0,0.0,5441990.0,45.0,5.428125,1.342332676E9,1.421276236E9,
50.738825478,0.009151773,4.55E-7,51.729673705,26883.0,0.0,26873.0,25.0,5.882291666666667,55.052221414,0.009913042,2.75E-7,56.042308372,1291260.0,0.0,1291245.0,30.0,6.51875,1.579752345E9,1.5979711E9,
52.078298559,0.006736797,2.37E-7,53.071561762,1614755.0,0.0,1614735.0,33.0,6.5406249999999995,55.763383061,0.009362631,2.31E-7,56.75402043,6079787.0,0.0,6079756.0,52.0,6.079166666666667,1.284325378E9,1.366558253E9,
65.995927023,0.010112865,2.84E-7,66.985814158,9955249.0,0.0,9955227.0,69.0,8.303125,55.558145078,0.006230751,2.57E-7,56.551914327,620792.0,0.0,620775.0,26.0,5.889583333333333,1.58921012E9,1.5979711E9,
58.178713198,0.009019911,2.81E-7,59.169693287,797532.0,0.0,797508.0,29.0,6.8114583333333325,55.274843764,0.010190014,2.47E-7,56.26465375,5917815.0,0.0,5917781.0,59.0,7.630208333333333,1.333481687E9,1.419003877E9,
68.395405535,0.005542847,2.58E-7,69.389862688,1.5953365E7,0.0,1.5953349E7,90.0,6.65625,62.629527698,0.012021403,2.51E-7,63.617506295,6035262.0,0.0,6035223.0,63.0,8.859375,1.459568143E9,1.545090333E9,
65.417527638,0.008300218,2.66E-7,66.40922742,1.1408998E7,0.0,1.140898E7,69.0,6.803125,52.643947782,0.009813098,2.43E-7,53.634134684,6170737.0,0.0,6170710.0,53.0,6.086458333333334,1.326500023E9,1.415311528E9,
61.224156302,0.008156863,1.72E-7,62.215999439,9205506.0,0.0,9205485.0,64.0,7.366666666666666,53.759618723,0.005102038,2.64E-7,54.754516685,6266253.0,0.0,6266218.0,56.0,8.508333333333333,1.498904488E9,1.587715993E9,
56.204494504,0.008525645,4.01E-7,57.195968859,1232516.0,0.0,1232499.0,30.0,6.51875,58.933980533,0.007987878,2.54E-7,59.925992655,4715895.0,0.0,4715880.0,40.0,5.691666666666666,1.531209284E9,1.5979711E9,
61.760421492,0.008712776,1.38E-7,62.751708716,1.2732218E7,0.0,1.2732206E7,73.0,6.832291666666666,50.079801715,0.005044251,2.54E-7,51.074757464,2162753.0,0.0,2162733.0,37.0,7.469791666666666,1.567352425E9,1.5979711E9,
69.958783514,0.009150005,1.43E-7,70.949633509,1.5960072E7,0.0,1.596005E7,88.0,5.441666666666666,57.555825509,0.009332479,3.14E-7,58.54649303,6450246.0,0.0,6450211.0,56.0,7.008333333333333,1.399601382E9,1.494991517E9,
58.352884398,0.006624856,2.57E-7,59.346259542,8036431.0,0.0,8036413.0,59.0,7.930208333333334,59.298592633,0.010184797,2.23E-7,60.288407836,4433908.0,0.0,4433890.0,43.0,6.913541666666666,1.535207923E9,1.5979711E9,
68.62336539,0.009658395,2.64E-7,69.613706995,1.5960899E7,0.0,1.5960868E7,97.0,7.007291666666666,55.750048273,0.006049126,2.04E-7,56.743999147,5320365.0,0.0,5320347.0,46.0,6.635416666666666,1.52262339E9,1.5979711E9,
61.838924152,0.005707915,4.61E-7,62.833216237,4424040.0,0.0,4424026.0,39.0,5.684374999999999,52.050683962,0.010291456,2.51E-7,53.040392506,6876466.0,0.0,6876434.0,61.0,7.6447916666666655,1.314477052E9,1.413156502E9,
69.262274694,0.008420435,2.6E-7,70.253854259,1.5803764E7,0.0,1.5803748E7,91.0,7.8635416666666655,56.369721163,0.011055022,2.71E-7,57.358666141,7145570.0,0.0,7145537.0,60.0,7.637499999999999,1.439585426E9,1.541554191E9,
70.252708994,0.008510216,2.87E-7,71.244198778,1.5970417E7,0.0,1.597039E7,95.0,7.5927083333333325,57.377047128,0.008971135,2.34E-7,58.368075993,6951776.0,0.0,6951764.0,48.0,6.05,1.499493506E9,1.5979711E9,
55.988318629,0.009816782,3.94E-7,56.978501847,2928197.0,0.0,2928190.0,40.0,7.791666666666667,55.586681582,0.009257257,2.55E-7,56.577424325,7592334.0,0.0,7592311.0,57.0,5.815625,1.284083286E9,1.389341366E9,
58.00564214,0.009355635,2.58E-7,58.996286505,1.0197099E7,0.0,1.0197091E7,62.0,6.152083333333334,55.292353856,0.010514688,1.3E-7,56.281839168,7095413.0,0.0,7095378.0,60.0,6.7375,1.373878609E9,1.479136689E9,
53.423172318,0.011821644,1.22E-7,54.411350674,6010414.0,0.0,6010400.0,47.0,6.342708333333333,56.893387677,0.005317844,1.44E-7,57.888069833,7526453.0,0.0,7526423.0,63.0,7.359374999999999,1.312753612E9,1.421301007E9,
60.312374383,0.009589025,4.32E-7,61.302785358,7979357.0,0.0,7979345.0,55.0,7.001041666666667,57.318191978,0.009293983,1.81E-7,58.308897995,7440050.0,0.0,7440024.0,55.0,6.101041666666667,1.410488753E9,1.519036148E9,
67.101237661,0.010476969,2.67E-7,68.090760692,1.4674648E7,0.0,1.4674631E7,85.0,8.119791666666666,59.763210705,0.009888587,2.01E-7,60.753322118,7893362.0,0.0,7893328.0,65.0,7.973958333333333,1.47628766E9,1.58812437E9,
67.762627829,0.009773794,2.54E-7,68.752854035,1.3490995E7,0.0,1.3490987E7,78.0,7.468749999999999,60.789709923,0.010133604,2.38E-7,61.779576319,8003326.0,0.0,8003300.0,61.0,6.744791666666666,1.291661517E9,1.403498227E9,
68.507766589,0.009024731,2.94E-7,69.498741858,1.583675E7,0.0,1.5836731E7,89.0,7.548958333333333,59.879912496,0.010621047,2.58E-7,60.869291449,8124188.0,0.0,8124156.0,60.0,6.7375,1.447572127E9,1.562698152E9,
60.77638937,0.008648945,2.64E-7,61.767740425,4995473.0,0.0,4995453.0,45.0,6.928125,58.174174869,0.00923842,1.43E-7,59.164936449,8113624.0,0.0,8113590.0,61.0,7.044791666666666,1.445632808E9,1.560758833E9,
65.089098031,0.006504336,2.01E-7,66.082593695,1.5160832E7,0.0,1.5160824E7,76.0,5.054166666666666,59.230249268,0.006475741,2.58E-7,60.223773527,8264289.0,0.0,8264263.0,68.0,8.595833333333333,1.432204509E9,1.550619849E9,
61.70707126,0.009242012,2.51E-7,62.697829248,8312049.0,0.0,8312038.0,55.0,6.701041666666667,55.388320881,0.00747651,2.53E-7,56.380844371,8065185.0,0.0,8065164.0,63.0,7.059374999999999,1.331947474E9,1.450362814E9,
69.579527659,0.006266724,3.8E-7,70.573260935,1.5788596E7,0.0,1.5788577E7,85.0,6.019791666666666,58.255967781,0.008759759,2.68E-7,59.247208022,8270180.0,0.0,8270152.0,64.0,7.966666666666667,1.37583667E9,1.497541325E9,
60.847716144,0.007967173,2.55E-7,61.839748971,4449719.0,0.0,4449699.0,42.0,6.30625,61.522040461,0.011270408,2.71E-7,62.510770053,8356605.0,0.0,8356582.0,68.0,8.295833333333333,1.408490425E9,1.53019508E9,
60.427087268,0.009530105,3.84E-7,61.417557163,7241144.0,0.0,7241131.0,51.0,6.371875,55.792994899,0.007467456,1.48E-7,56.785527443,8506986.0,0.0,8506968.0,64.0,7.966666666666667,1.376641336E9,1.501635306E9,
71.059718977,0.010230438,2.67E-7,72.049488539,1.6120713E7,0.0,1.6120686E7,95.0,8.192708333333334,54.707488472,0.0092308,2.77E-7,55.698257672,8692806.0,0.0,8692780.0,64.0,7.366666666666666,1.29920509E9,1.42419906E9,
74.073123164,0.008333568,2.34E-7,75.064789596,1.5882294E7,0.0,1.5882279E7,88.0,7.241666666666666,67.344124901,0.009248091,4.54E-7,68.33487681,9049681.0,0.0,9049656.0,57.0,5.515625,1.447371811E9,1.575655096E9,
60.471010162,0.008171423,2.73E-7,61.462838739,9343130.0,0.0,9343114.0,61.0,6.444791666666666,60.956419635,0.006741571,2.51E-7,61.949678064,8812370.0,0.0,8812342.0,59.0,5.230208333333334,1.38872328E9,1.517006565E9,
66.717054567,0.009692814,2.53E-7,67.707361753,9264188.0,0.0,9264167.0,63.0,7.059374999999999,56.674579055,0.00986771,2.55E-7,57.664711345,8840415.0,0.0,8840390.0,72.0,9.225,1.354432506E9,1.486005106E9,
67.371967243,0.007286899,3.71E-7,68.364680344,1.5961013E7,0.0,1.5960993E7,86.0,6.327083333333333,55.528123928,0.00683481,2.54E-7,56.521289118,8994590.0,0.0,8994568.0,58.0,4.622916666666667,1.334991552E9,1.466564152E9,
69.003131814,0.009682316,2.6E-7,69.993449498,1.2042677E7,0.0,1.2042658E7,76.0,8.054166666666667,60.337658149,0.006899212,1.27E-7,61.330758937,3240964.0,0.0,3240957.0,35.0,6.255208333333333,1.55208399E9,1.5979711E9,
62.370564788,0.006149694,2.54E-7,63.364415094,8949785.0,0.0,8949764.0,62.0,7.052083333333333,65.611845626,0.010207302,2.48E-7,66.601638324,9329898.0,0.0,9329879.0,65.0,6.773958333333333,1.416174166E9,1.551036081E9,
58.815245607,0.009148567,4.24E-7,59.80609704,1247887.0,0.0,1247870.0,32.0,7.133333333333333,41.340059988,0.009094635,2.77E-7,42.330965353,74229.0,0.0,74219.0,29.0,7.111458333333333,1.59691891E9,1.5979711E9,
65.966691244,0.010526383,2.2E-7,66.956164861,1.1110273E7,0.0,1.1110251E7,73.0,8.332291666666666,58.513944183,0.009029579,2.51E-7,59.504914604,3744573.0,0.0,3744558.0,40.0,7.491666666666666,1.544983919E9,1.5979711E9,
60.579414382,0.00998229,2.68E-7,61.569432092,1.1793394E7,0.0,1.1793383E7,68.0,6.195833333333334,58.467218052,0.010800418,1.39E-7,59.456417634,9941716.0,0.0,9941685.0,71.0,7.417708333333333,1.29122849E9,1.432669035E9,
70.196271513,0.005796559,3.08E-7,71.190474954,1.1189808E7,0.0,1.1189793E7,68.0,6.795833333333333,58.974686183,0.006763033,2.54E-7,59.96792315,1.026155E7,0.0,1.0261522E7,73.0,7.432291666666666,1.282167406E9,1.423607951E9,
64.390755325,0.009067509,3.31E-7,65.381687816,1.2228368E7,0.0,1.2228356E7,72.0,6.824999999999999,55.039164878,0.009852697,2.64E-7,56.029312181,1751506.0,0.0,1751488.0,32.0,6.233333333333333,1.573203553E9,1.5979711E9,
66.618067234,0.009422091,2.34E-7,67.608645143,9444127.0,0.0,9444109.0,63.0,7.059374999999999,59.006424353,0.010483904,2.65E-7,59.995940449,9925531.0,0.0,9925500.0,69.0,5.6031249999999995,1.341588192E9,1.486318052E9,
66.611734904,0.00760581,2.57E-7,67.604129094,1.1407745E7,0.0,1.1407728E7,67.0,6.188541666666667,60.006029161,0.00578673,2.61E-7,61.000242431,5721611.0,0.0,5721594.0,50.0,7.564583333333332,1.516942253E9,1.5979711E9,
65.313157556,0.008251981,4.48E-7,66.304905575,1.294356E7,0.0,1.294355E7,71.0,6.217708333333333,64.368569425,0.005734665,2.2E-7,65.36283476,1.0134703E7,0.0,1.0134695E7,68.0,7.995833333333334,1.454430204E9,1.5979711E9,
67.453366184,0.008139259,2.71E-7,68.445226925,1.240032E7,0.0,1.2400308E7,71.0,6.517708333333333,58.266659115,0.007185137,2.78E-7,59.259473978,1.0381594E7,0.0,1.0381582E7,67.0,6.488541666666666,1.304597988E9,1.455906478E9,
60.289923479,0.009217008,2.31E-7,61.280706471,2081666.0,0.0,2081647.0,34.0,6.547916666666667,62.171668151,0.010056728,1.43E-7,63.161611423,1.0652876E7,0.0,1.0652862E7,69.0,8.003125,1.443236503E9,1.594544993E9,
66.235010266,0.003790721,4.37E-7,67.231219545,1.2434489E7,0.0,1.2434475E7,75.0,7.746874999999999,63.168250855,0.010082593,2.88E-7,64.158168262,1.0620875E7,0.0,1.0620848E7,75.0,8.046875,1.320560532E9,1.475158337E9,
72.874304671,0.008575395,2.5E-7,73.865729276,1.4946643E7,0.0,1.4946629E7,82.0,6.897916666666666,57.589663277,0.009789125,1.37E-7,58.579874152,7676020.0,0.0,7676004.0,56.0,7.308333333333333,1.489231558E9,1.5979711E9,
53.193037539,0.007722519,4.07E-7,54.18531502,1484902.0,0.0,1484880.0,35.0,7.1552083333333325,63.624145567,0.010457195,2.64E-7,64.613688372,1.076773E7,0.0,1.0767702E7,71.0,6.817708333333333,1.366414463E9,1.524301583E9,
67.830008881,0.007317265,2.54E-7,68.822691616,1.5860634E7,0.0,1.5860623E7,88.0,7.241666666666666,62.662346333,0.011348219,2.87E-7,63.650998114,1.0712012E7,0.0,1.0711988E7,79.0,9.276041666666666,1.356838711E9,1.514725831E9,
62.064224877,0.00890296,1.8E-7,63.055321917,2986841.0,0.0,2986834.0,39.0,7.484374999999999,63.218008889000004,0.007241111,1.2E-7,64.210767778,1.1140702E7,0.0,1.1140678E7,78.0,8.36875,1.407974572E9,1.569151007E9,
69.704832421,0.00425817,2.67E-7,70.700574251,1.5960791E7,0.0,1.5960763E7,95.0,7.292708333333333,61.641770678,0.007607897,3.81E-7,62.634162781,1.1079345E7,0.0,1.1079326E7,74.0,7.1395833333333325,1.307718679E9,1.468895114E9,
69.304846915,0.010395043,2.61E-7,70.294451872,1.1583126E7,0.0,1.158311E7,72.0,7.424999999999999,61.778632179,0.009513697,3.31E-7,62.769118482,1.1268426E7,0.0,1.1268398E7,73.0,6.832291666666666,1.372806433E9,1.537272183E9,
73.298643307,0.010206188,3.87E-7,74.288437119,1.5843644E7,0.0,1.5843622E7,93.0,7.578124999999999,63.593987019,0.006545894,2.33E-7,64.587441125,1.1249224E7,0.0,1.1249201E7,67.0,4.988541666666666,1.369731672E9,1.534197422E9,
57.232439431,0.007104613,1.33E-7,58.225334818,8526516.0,0.0,8526506.0,55.0,6.701041666666667,59.179846272,0.005578826,4.11E-7,60.174267446,4914354.0,0.0,4914336.0,44.0,6.620833333333334,1.528383958E9,1.5979711E9,
57.813117755,0.009499026,2.56E-7,58.803618729,8459994.0,0.0,8459983.0,56.0,7.008333333333333,54.042903998,0.009056249,2.84E-7,55.033847749,1584426.0,0.0,1584406.0,33.0,6.5406249999999995,1.575581876E9,1.5979711E9,
65.162218847,0.009020837,1.38E-7,66.15319801,1.4513903E7,0.0,1.4513885E7,83.0,7.505208333333333,68.096139895,0.006263412,2.55E-7,69.089876483,1.1904322E7,0.0,1.1904302E7,75.0,8.346875,1.427634038E9,1.5979711E9,
72.057654643,0.010858887,3.74E-7,73.046795756,1.5953248E7,0.0,1.5953227E7,94.0,7.885416666666666,64.645044755,0.009352927,4.51E-7,65.635691828,1.1802447E7,0.0,1.1802432E7,72.0,6.525,1.384195102E9,1.555239482E9,
68.3572135,0.007694879,2.64E-7,69.349518621,1.5944483E7,0.0,1.5944455E7,89.0,6.348958333333334,60.183785581,0.007120271,2.41E-7,61.17666531,1.210617E7,0.0,1.2106146E7,77.0,8.061458333333333,1.414509231E9,1.588842926E9,
60.564326395,0.006144643,3.81E-7,61.558181752,7030621.0,0.0,7030600.0,57.0,8.815625,65.654018194,0.008198659,8.3E-8,66.645819535,8259860.0,0.0,8259851.0,53.0,6.086458333333334,1.481000486E9,1.5979711E9,
69.6464961,0.005408533,2.22E-7,70.641087567,1.5359636E7,0.0,1.5359626E7,81.0,6.590625,50.18600231,0.009815133,1.44E-7,51.176187177,2149090.0,0.0,2149071.0,35.0,6.855208333333333,1.567550506E9,1.5979711E9,
64.281661725,0.0059603,2.68E-7,65.275701425,1.176265E7,0.0,1.1762634E7,73.0,7.732291666666666,59.865526603,0.010328028,2.64E-7,60.855198575,6265230.0,0.0,6265216.0,51.0,6.971875,1.50923351E9,1.5979711E9,
69.764339659,0.009965005,2.33E-7,70.754374654,1.3220083E7,0.0,1.3220075E7,77.0,7.161458333333333,63.15740697,0.010541287,2.4E-7,64.146865683,1.247066E7,0.0,1.2470638E7,80.0,7.4833333333333325,1.288371527E9,1.469283852E9,
64.479354256,0.007986335,2.67E-7,65.471367921,1.0898667E7,0.0,1.089865E7,68.0,7.695833333333333,63.54126257,0.008778415,3.81E-7,64.532484155,7046646.0,0.0,7046629.0,54.0,7.89375,1.498137594E9,1.5979711E9,
64.651221486,0.009267229,2.54E-7,65.641954257,1.0758168E7,0.0,1.0758153E7,64.0,6.766666666666667,56.519885631,0.009618904,2.61E-7,57.510266727,3938540.0,0.0,3938522.0,40.0,5.991666666666667,1.542231302E9,1.5979711E9,
75.681321458,0.010825744,2.64E-7,76.670495714,1.595378E7,0.0,1.5953756E7,96.0,7.0,59.803317291,0.009286979,3.68E-7,60.794030312,6056137.0,0.0,6056123.0,49.0,6.957291666666666,1.512200051E9,1.5979711E9,
70.382191647,0.009010607,3.87E-7,71.37318104,1.5959841E7,0.0,1.5959816E7,90.0,6.65625,64.654906316,0.010274957,2.47E-7,65.644631359,1.2807523E7,0.0,1.2807495E7,82.0,7.497916666666666,1.358294152E9,1.545785107E9,
69.386554337,0.010801249,2.61E-7,70.375753088,1.5960263E7,0.0,1.5960231E7,96.0,7.0,58.205636725,0.009820463,2.57E-7,59.195816262,1.2892082E7,0.0,1.2892053E7,77.0,6.561458333333333,1.372314435E9,1.55980539E9,
56.848587694,0.008571395,2.61E-7,57.840016299,1.2989139E7,0.0,1.2989126E7,74.0,7.1395833333333325,58.609698486,0.012721354,2.11E-7,59.596977132,1.320183E7,0.0,1.3201802E7,82.0,8.097916666666666,1.385311695E9,1.576091965E9,
62.012364374,0.006105044,2.78E-7,63.00625933,1.414198E7,0.0,1.4141969E7,76.0,5.954166666666666,49.489834013,0.008934496,2.78E-7,50.480899517,1415943.0,0.0,1415923.0,32.0,7.133333333333333,1.57797537E9,1.5979711E9,
53.097344048,0.007574419,2.47E-7,54.089769629,7099117.0,0.0,7099104.0,48.0,6.05,54.842749487,0.007234168,3.81E-7,55.835515319,9764922.0,0.0,9764911.0,60.0,5.8374999999999995,1.459671067E9,1.5979711E9,
50.591592091,0.008791833,2.57E-7,51.582800258,701296.0,0.0,701282.0,27.0,6.196875,58.401473384,0.008727705,2.71E-7,59.392745679,1.3205526E7,0.0,1.3205518E7,76.0,6.854166666666666,1.407529409E9,1.5979711E9,
59.808604033,0.007829208,2.5E-7,60.800774825,1.5959271E7,0.0,1.5959247E7,91.0,6.963541666666666,55.516157552,0.009613706,2.55E-7,56.506543846,1.3638718E7,0.0,1.3638691E7,84.0,6.6125,1.338242374E9,1.535601274E9,
60.033731446,0.00987681,2.58E-7,61.023854636,1.5961992E7,0.0,1.5961966E7,95.0,7.5927083333333325,58.377498544,0.009903719,2.51E-7,59.367594825,1.3634714E7,0.0,1.3634685E7,88.0,7.841666666666666,1.313811546E9,1.511170446E9,
58.673634082,0.00931106,2.64E-7,59.664323022,1.1269327E7,0.0,1.1269307E7,72.0,7.725,57.256971676,0.008223823,2.53E-7,58.248747853,1.2628841E7,0.0,1.2628827E7,73.0,6.832291666666666,1.416417458E9,1.5979711E9,
62.693338871,0.006004268,2.6E-7,63.687334603,1.5962049E7,0.0,1.5962022E7,93.0,6.678125,60.418376507,0.004499906,2.57E-7,61.413876601,1.3427751E7,0.0,1.3427743E7,77.0,7.161458333333333,1.404096354E9,1.5979711E9,
54.479370101,0.009215881,3.74E-7,55.47015422,1.232583E7,0.0,1.2325817E7,74.0,7.439583333333333,56.961919646,0.009068961,4.41E-7,57.952850685,1.2645381E7,0.0,1.2645363E7,75.0,7.4468749999999995,1.41616302E9,1.5979711E9,
50.024289683,0.006060191,4.04E-7,51.018229492,4814334.0,0.0,4814318.0,43.0,6.313541666666667,46.432208677,0.00724923,2.77E-7,47.424959447,875798.0,0.0,875781.0,27.0,6.196875,1.585608986E9,1.5979711E9,
62.07670865,0.009278571,2.85E-7,63.067430079,1.5954678E7,0.0,1.5954662E7,92.0,7.270833333333333,56.340796357,0.009075713,1.82E-7,57.331720644,9281730.0,0.0,9281712.0,64.0,7.366666666666666,1.466524156E9,1.5979711E9,
50.727545189,0.004366338,3.81E-7,51.723178851,4547494.0,0.0,4547477.0,41.0,5.998958333333333,50.580781999,0.009390261,2.54E-7,51.571391738,3788774.0,0.0,3788755.0,41.0,7.798958333333333,1.544354777E9,1.5979711E9,
55.509117307,0.008890286,2.45E-7,56.500227021,1.2601483E7,0.0,1.2601469E7,72.0,6.525,58.946374848,0.008996837,2.64E-7,59.937378011,1.456513E7,0.0,1.4565108E7,83.0,6.005208333333333,1.31605817E9,1.52657433E9,
58.764233199,0.009191869,2.15E-7,59.75504133,1.1149039E7,0.0,1.1149026E7,65.0,5.8739583333333325,55.758190705,0.009973003,2.53E-7,56.748217702,1.4411559E7,0.0,1.4411534E7,92.0,9.370833333333332,1.354229736E9,1.564745896E9,
51.94687771,0.008351104,2.68E-7,52.938526606,7699817.0,0.0,7699803.0,52.0,6.079166666666667,53.189960474,0.007967544,2.17E-7,54.18199293,5540335.0,0.0,5540320.0,46.0,6.635416666666666,1.51950774E9,1.5979711E9,
60.435511209,0.009718747,2.45E-7,61.425792462,1.5961579E7,0.0,1.5961546E7,100.0,7.629166666666666,57.650425982,0.00991492,2.61E-7,58.640511062,1.4818333E7,0.0,1.4818317E7,86.0,8.127083333333333,1.383349956E9,1.597155431E9,
57.617158396,0.008815511,6.1E-8,58.608342885,1.507749E7,0.0,1.5077479E7,80.0,6.283333333333333,56.406835513,0.005168197,2.58E-7,57.401667316,1.0469273E7,0.0,1.0469262E7,64.0,6.766666666666667,1.449692582E9,1.5979711E9,
50.602284992,0.008655474,2.85E-7,51.593629518,6342409.0,0.0,6342394.0,51.0,6.971875,48.511502911,0.007535354,2.63E-7,49.503967557,7015679.0,0.0,7015663.0,50.0,6.664583333333333,1.498573602E9,1.5979711E9,
48.96146207,0.009312486,2.85E-7,49.952149584,7341735.0,0.0,7341719.0,54.0,7.293749999999999,59.982186999,0.005854204,2.53E-7,60.976332795,1.4763736E7,0.0,1.4763723E7,82.0,7.197916666666666,1.385095955E9,1.5979711E9,
63.549276085,0.010473322,2.61E-7,64.538802763,1.5803759E7,0.0,1.5803743E7,93.0,8.478125,58.437351882,0.009357329,2.58E-7,59.427994553,1.3245737E7,0.0,1.3245729E7,78.0,7.468749999999999,1.4069013E9,1.5979711E9,
50.628512511,0.008435277,2.5E-7,51.620077234,4907936.0,0.0,4907921.0,45.0,6.928125,60.389474473,0.009031227,1.25E-7,61.380443246,1.537962E7,0.0,1.5379597E7,89.0,7.548958333333333,1.361015173E9,1.584688593E9,
56.106832955,0.004796802,2.7E-7,57.102036153,9788797.0,0.0,9788777.0,70.0,8.610416666666666,62.012739046,0.006261379,3.78E-7,63.006477667,1.5099811E7,0.0,1.5099798E7,83.0,7.205208333333333,1.379856421E9,1.5979711E9,
49.583569211,0.008421065,4.01E-7,50.575148146,6901986.0,0.0,6901972.0,52.0,7.279166666666666,49.805660816,0.009244191,1.33E-7,50.796416625,2451869.0,0.0,2451852.0,38.0,7.477083333333333,1.563268919E9,1.5979711E9,
60.032957663,0.003739775,2.65E-7,61.029217888,1.6713295E7,0.0,1.6713265E7,97.0,7.307291666666666,47.947458908,0.00972537,3.88E-7,48.937733538,6576660.0,0.0,6576654.0,51.0,6.971875,1.504833716E9,1.5979711E9,
64.760025581,0.008441111,2.38E-7,65.75158447,1.6049537E7,0.0,1.604952E7,89.0,5.7489583333333325,60.071184875,0.010159907,2.34E-7,61.061024968,1.3113146E7,0.0,1.3113138E7,78.0,7.468749999999999,1.408967013E9,1.5979711E9,
65.878579063,0.008587723,2.87E-7,66.86999134,1.5955462E7,0.0,1.5955435E7,94.0,7.585416666666666,61.891769213,0.010453504,2.54E-7,62.881315709,1.6083509E7,0.0,1.6083479E7,93.0,6.678125,1.285077161E9,1.515329211E9,
59.799469084,0.006251521,2.55E-7,60.793217563,1.5672664E7,0.0,1.5672646E7,91.0,8.463541666666666,63.50081019700001,0.01213104,2.76E-7,64.488679157,1.6184475E7,0.0,1.6184459E7,96.0,7.0,1.307626028E9,1.541167393E9,
59.888128155,0.009360145,2.74E-7,60.87876801,1.5874244E7,0.0,1.5874229E7,90.0,7.856249999999999,60.931714789,0.008166248,1.44E-7,61.923548541,1.6189645E7,0.0,1.6189623E7,93.0,6.678125,1.315187515E9,1.54872888E9,
48.425903371,0.005366969,2.04E-7,49.420536402,4343273.0,0.0,4343253.0,43.0,6.913541666666666,48.488614483,0.0086077,2.54E-7,49.480006783,6324388.0,0.0,6324377.0,51.0,6.971875,1.508396095E9,1.5979711E9,
60.627691801,0.008331053,3.54E-7,61.619360748,1.579868E7,0.0,1.5798664E7,90.0,7.5562499999999995,62.406384286,0.010778868,3.61E-7,63.395605418,1.7915666E7,0.0,1.7915633E7,107.0,7.080208333333333,1.273619802E9,1.510450482E9,
60.096512619,0.008537827,3.78E-7,61.087974792,1.58838E7,0.0,1.5883785E7,85.0,6.619791666666667,63.417302002,0.008305588,2.57E-7,64.408996414,1.7095078E7,0.0,1.7095051E7,96.0,5.8,1.282089365E9,1.52220936E9,
62.547515357,0.009882699,2.61E-7,63.537632658,1.609354E7,0.0,1.6093516E7,90.0,6.65625,49.311554304,0.006514206,2.5E-7,50.305040098,2914788.0,0.0,2914781.0,36.0,6.5625,1.556688488E9,1.5979711E9,
49.863685564,0.008022801,2.5E-7,50.855662763,6192290.0,0.0,6192277.0,47.0,6.342708333333333,60.503721592,0.009679979,2.48E-7,61.494041613,1.6886951E7,0.0,1.6886927E7,96.0,6.1,1.329822731E9,1.573232041E9,
63.268598901999994,0.010161069,3.75E-7,64.258437833,1.5953179E7,0.0,1.595316E7,94.0,7.585416666666666,51.319349561,0.009440297,2.38E-7,52.309909264,6483132.0,0.0,6483126.0,51.0,6.971875,1.506155095E9,1.5979711E9,
62.180264795,0.006591582,2.64E-7,63.173673213,1.2935143E7,0.0,1.2935133E7,71.0,6.217708333333333,58.606534392,0.008733232,2.57E-7,59.59780116,1.125437E7,0.0,1.1254356E7,65.0,5.573958333333333,1.437680676E9,1.5979711E9,
62.621246007,0.00799596,1.35E-7,63.613250047,1.503143E7,0.0,1.5031419E7,81.0,6.590625,62.657018776,0.007025892,2.51E-7,63.649992884,1.8739875E7,0.0,1.8739845E7,108.0,6.7875,1.272882793E9,1.519581418E9,
56.199712129,0.009134362,2.58E-7,57.190577767,9853064.0,0.0,9853046.0,66.0,7.38125,52.406597733,0.008885394,2.64E-7,53.397712339,6419058.0,0.0,6419052.0,56.0,8.508333333333333,1.507059551E9,1.5979711E9,
60.462882747,0.007287691,2.61E-7,61.455595056,1.548889E7,0.0,1.5488877E7,84.0,6.6125,64.556603998,0.006163647,3.04E-7,65.550440351,1.7350595E7,0.0,1.7350565E7,102.0,7.043749999999999,1.322883793E9,1.572871733E9,
64.377006237,0.008053965,1.41E-7,65.368952272,1.4230871E7,0.0,1.4230858E7,77.0,6.261458333333334,37.160482484,0.004194554,2.98E-7,38.15628793,292251.0,0.0,292242.0,25.0,5.882291666666667,1.59384851E9,1.5979711E9,
47.490960746,0.009778639,2.66E-7,48.481182107,2681320.0,0.0,2681304.0,38.0,7.177083333333333,58.304216656,0.008166035,2.4E-7,59.296050621,1.0210317E7,0.0,1.0210309E7,63.0,6.459375,1.453355129E9,1.5979711E9,
57.171334236,0.00974766,3.98E-7,58.161586576,1.5960968E7,0.0,1.5960939E7,98.0,7.014583333333333,47.867378546,0.009650589,3.87E-7,48.857727957,4324639.0,0.0,4324618.0,43.0,6.913541666666666,1.536745076E9,1.5979711E9,
43.61157619,0.008614575,2.44E-7,44.602961615,1772376.0,0.0,1772360.0,29.0,5.3114583333333325,61.08342483,0.00593354,3.74E-7,62.07749129,1.7815264E7,0.0,1.7815247E7,95.0,6.0927083333333325,1.327957637E9,1.584524207E9,
55.253090974,0.008232729,3.81E-7,56.244858245,7871775.0,0.0,7871755.0,58.0,7.922916666666667,58.957463504,0.008660798,2.61E-7,59.948802706,1.134242E7,0.0,1.1342404E7,70.0,7.110416666666667,1.436315314E9,1.5979711E9,
51.510109741,0.009451401,2.51E-7,52.50065834,2172387.0,0.0,2172365.0,38.0,7.777083333333334,54.355446258,0.00668017,2.81E-7,55.348766088,2139719.0,0.0,2139701.0,32.0,5.933333333333334,1.567681584E9,1.5979711E9,
48.188707868,0.009346755,2.63E-7,49.179361113,4673843.0,0.0,4673825.0,45.0,7.2281249999999995,64.077222001,0.010592097,4.67E-7,65.066629904,1.8280783E7,0.0,1.8280756E7,106.0,7.372916666666667,1.319753685E9,1.582898885E9,
50.003984865,0.009569972,1.33E-7,50.994414893,888301.0,0.0,888279.0,33.0,7.740625,64.763712625,0.005083843,2.51E-7,65.758628782,1.8275229E7,0.0,1.827521E7,98.0,4.914583333333334,1.30654468E9,1.56968988E9,
49.844711386,0.007720515,2.98E-7,50.836990871,5645172.0,0.0,5645155.0,48.0,6.949999999999999,62.007150771,0.010212017,2.64E-7,62.996938754,1.8516422E7,0.0,1.8516413E7,102.0,7.34375,1.330688323E9,1.597122838E9,
49.185025922,0.008065458,2.47E-7,50.176960464,3103654.0,0.0,3103647.0,35.0,6.255208333333333,67.334989083,0.008328378,1.19E-7,68.326660705,1.8511903E7,0.0,1.8511889E7,102.0,6.143749999999999,1.286658825E9,1.55309334E9,
59.857990965,0.006722723,2.05E-7,60.851268242,1.6105441E7,0.0,1.6105415E7,95.0,7.5927083333333325,49.911339478,0.006521935,2.54E-7,50.904817543,4438440.0,0.0,4438422.0,42.0,6.60625,1.535143725E9,1.5979711E9,
62.202170151,0.00727772,2.58E-7,63.194892431,1.5956192E7,0.0,1.5956169E7,91.0,6.063541666666666,61.163828328,0.006973069,2.54E-7,62.156855259,1.6629455E7,0.0,1.6629452E7,90.0,7.5562499999999995,1.356224225E9,1.5979711E9,
52.457834232,0.007955064,1.37E-7,53.449879168,8441390.0,0.0,8441377.0,59.0,7.930208333333334,51.148346149,0.008214634,4.07E-7,52.140131515,7896652.0,0.0,7896639.0,53.0,6.386458333333334,1.486132892E9,1.5979711E9,
56.910849194,0.00809863,2.71E-7,57.902750564,9804504.0,0.0,9804491.0,62.0,6.152083333333334,62.21181543,0.009110299,2.51E-7,63.202705131,1.8805911E7,0.0,1.8805899E7,102.0,7.34375,1.327419833E9,1.5979711E9,
57.729511738,0.006440965,2.81E-7,58.723070773,1.0644873E7,0.0,1.0644855E7,68.0,7.995833333333334,58.177577222,0.008943348,4.21E-7,59.168633874,1.3120725E7,0.0,1.3120717E7,79.0,7.776041666666666,1.408853275E9,1.5979711E9,
47.579579098,0.008666941,2.54E-7,48.570912157,3382850.0,0.0,3382833.0,38.0,7.177083333333333,51.482245384,0.005049771,2.2E-7,52.477195613,5070906.0,0.0,5070884.0,48.0,7.249999999999999,1.526164321E9,1.5979711E9,
61.061155448,0.007226463,2.58E-7,62.053928985,1.4020271E7,0.0,1.4020252E7,80.0,7.183333333333333,58.467174321,0.008769534,2.8E-7,59.458404787,1.6273134E7,0.0,1.6273123E7,87.0,6.934374999999999,1.361749205E9,1.5979711E9,
49.666580713,0.006335678,2.68E-7,50.660245035,7504706.0,0.0,7504693.0,50.0,5.464583333333333,60.177358697,0.00876722,3.28E-7,61.168591477,1.4546893E7,0.0,1.4546882E7,78.0,5.968749999999999,1.388457512E9,1.5979711E9,
62.41809881,0.010359819,2.55E-7,63.407738991,1.5969854E7,0.0,1.5969834E7,93.0,6.9781249999999995,57.367035999,0.008525523,2.44E-7,58.358510476,1.3516225E7,0.0,1.3516217E7,77.0,7.161458333333333,1.402736547E9,1.5979711E9,
52.74474197,0.008520471,2.98E-7,53.736221499,6784249.0,0.0,6784243.0,46.0,5.435416666666666,43.817741947,0.008359574,3.78E-7,44.809382373,602920.0,0.0,602900.0,29.0,6.8114583333333325,1.589465894E9,1.5979711E9,
51.056212448,0.008398585,2.55E-7,52.047813863,5902209.0,0.0,5902193.0,49.0,7.257291666666666,69.16850008,0.009718154,3.97E-7,70.158781926,2.0027811E7,0.0,2.0027797E7,109.0,7.094791666666667,1.290526311E9,1.576696716E9,
47.280562643,0.00982086,2.47E-7,48.270741783,2722032.0,0.0,2722015.0,37.0,6.869791666666666,56.806624467,0.006879937,2.54E-7,57.79974453,1.0710769E7,0.0,1.0710752E7,67.0,7.688541666666666,1.446097751E9,1.5979711E9,
52.277688407,0.008806304,3.61E-7,53.268882103,4436730.0,0.0,4436714.0,41.0,6.298958333333333,61.381112924,0.009165867,2.64E-7,62.371947057,1.8812268E7,0.0,1.8812254E7,104.0,7.958333333333332,1.327328757E9,1.5979711E9,
58.53825554,0.0090308,2.57E-7,59.52922474,1.5958517E7,0.0,1.5958492E7,92.0,7.270833333333333,61.823863522,0.005836747,4.57E-7,62.818026775,1.7880779E7,0.0,1.7880765E7,96.0,5.8,1.340564624E9,1.5979711E9,
52.277145439,0.008868177,2.77E-7,53.268277262,8166862.0,0.0,8166850.0,54.0,6.39375,53.608944234,0.009120096,2.85E-7,54.599824138,9005604.0,0.0,9005583.0,62.0,7.052083333333333,1.470418759E9,1.5979711E9,
52.468979723,0.008145189,2.61E-7,53.460834534,6716459.0,0.0,6716453.0,50.0,6.664583333333333,48.46431132,0.009160385,2.64E-7,49.455150935,1094685.0,0.0,1094664.0,33.0,7.740625,1.582525419E9,1.5979711E9,
40.67060253,0.007977355,2.63E-7,41.662625175,264434.0,0.0,264425.0,25.0,5.882291666666667,48.462826409,0.00959036,3.65E-7,49.453236049,2089098.0,0.0,2089077.0,38.0,7.777083333333334,1.568398166E9,1.5979711E9,
63.597105352,0.008756979,2.57E-7,64.588348373,1.5953698E7,0.0,1.5953681E7,94.0,7.585416666666666,51.416205479,0.010391565,3.95E-7,52.405813914,2478557.0,0.0,2478537.0,39.0,7.784375,1.562882879E9,1.5979711E9,
63.521840055,0.010407228,2.88E-7,64.511432827,1.5955713E7,0.0,1.5955685E7,96.0,6.4,53.004566207,0.009182082,2.63E-7,53.995384125,1.0540367E7,0.0,1.0540348E7,68.0,7.995833333333334,1.448679919E9,1.5979711E9,
56.72290349,0.009489629,2.47E-7,57.713413861,1.0582639E7,0.0,1.0582618E7,70.0,8.610416666666666,54.040699034,0.009101605,2.51E-7,55.031597429,5613790.0,0.0,5613772.0,48.0,7.249999999999999,1.51846667E9,1.5979711E9,
54.831408206,0.009297603,2.51E-7,55.822110603,9169261.0,0.0,9169246.0,60.0,6.4375,57.588358842,0.007880005,2.65E-7,58.580478837,1.4804929E7,0.0,1.4804916E7,81.0,6.890625,1.384453818E9,1.5979711E9,
59.930132801,0.009828732,2.97E-7,60.920304069,1.5958596E7,0.0,1.5958571E7,92.0,7.270833333333333,69.680794092,0.009182433,3.01E-7,70.671611659,2.1115151E7,0.0,2.1115145E7,112.0,7.116666666666666,1.289116153E9,1.591733133E9,
62.675387355,0.009733846,3.74E-7,63.665653509,1.5961234E7,0.0,1.5961201E7,96.0,6.4,62.788507017,0.008577786,2.63E-7,63.779929231,1.8327556E7,0.0,1.8327546E7,100.0,7.029166666666667,1.334230047E9,1.5979711E9,
57.25240164,0.008106654,2.48E-7,58.244294986,1.5960364E7,0.0,1.5960343E7,87.0,6.634375,58.822697953,0.005294209,2.58E-7,59.817403744,1.1441277E7,0.0,1.1441261E7,71.0,7.417708333333333,1.434795231E9,1.5979711E9,
62.866194073,0.008982706,2.34E-7,63.857211367,1.5954304E7,0.0,1.5954281E7,91.0,6.963541666666666,52.993218795,0.008566143,2.77E-7,53.984652652,8902722.0,0.0,8902699.0,64.0,7.666666666666666,1.471870515E9,1.5979711E9,
58.777114074,0.004987511,2.6E-7,59.772126563,1.3014668E7,0.0,1.3014657E7,72.0,6.525,53.519273109,0.00905967,2.3E-7,54.510213439,4677328.0,0.0,4677314.0,40.0,5.691666666666666,1.531757061E9,1.5979711E9,
57.823792195,0.007235824,2.57E-7,58.816556371,1.0591485E7,0.0,1.0591464E7,67.0,7.688541666666666,55.97696254,0.007961054,2.51E-7,56.969001486,1.0445564E7,0.0,1.0445553E7,67.0,7.688541666666666,1.450028962E9,1.5979711E9,
55.276627337,0.008769842,2.46E-7,56.267857495,9102823.0,0.0,9102803.0,64.0,7.666666666666666,52.060584021,0.007618256,2.7E-7,53.052965765,8791524.0,0.0,8791504.0,62.0,7.052083333333333,1.473453853E9,1.5979711E9,
50.327250076,0.008583157,2.84E-7,51.318666919,1785085.0,0.0,1785062.0,39.0,8.384375,66.918734797,0.008851837,4.71E-7,67.90988296,2.0666586E7,0.0,2.0666572E7,109.0,7.694791666666666,1.301018805E9,1.5979711E9,
50.387325424,0.007710162,2.56E-7,51.379615262,6691847.0,0.0,6691841.0,51.0,6.971875,58.928734156,0.005715991,2.57E-7,59.923018165,1.3514561E7,0.0,1.3514553E7,79.0,7.776041666666666,1.402761977E9,1.5979711E9,
38.145491738,0.008869813,4.15E-7,39.136621925,266462.0,0.0,266453.0,28.0,6.804166666666666,52.701956853,0.008634445,2.84E-7,53.693322408,7214387.0,0.0,7214374.0,51.0,6.371875,1.495765616E9,1.5979711E9,
52.387052762,0.0091764,1.57E-7,53.377876362,8766300.0,0.0,8766283.0,59.0,6.130208333333334,61.253847677,0.004463619,1.31E-7,62.249384058,1.8096901E7,0.0,1.8096891E7,96.0,5.8,1.3374929E9,1.5979711E9,
50.493645006,0.004316588,2.57E-7,51.489328418,3684796.0,0.0,3684782.0,38.0,6.877083333333333,47.942896655,0.008276876,4.17E-7,48.934619779,3749803.0,0.0,3749788.0,39.0,7.184374999999999,1.544910613E9,1.5979711E9,
58.045010424,0.009853756,2.54E-7,59.035156668,1.1600424E7,0.0,1.1600407E7,73.0,7.732291666666666,42.580343281,0.009191735,2.44E-7,43.571151546,2013859.0,0.0,2013842.0,32.0,6.233333333333333,1.569470218E9,1.5979711E9,
55.54478894,0.009457625,2.5E-7,56.535331315,1.2351688E7,0.0,1.2351673E7,74.0,7.439583333333333,58.556061926,0.008291553,2.84E-7,59.547770373,1.6371393E7,0.0,1.6371385E7,84.0,6.012499999999999,1.360204164E9,1.5979711E9,
49.684252356,0.008211097,2.2E-7,50.676041259,1160484.0,0.0,1160466.0,30.0,6.81875,49.162458335,0.009551425,3.77E-7,50.15290691,7462618.0,0.0,7462601.0,55.0,7.001041666666667,1.492260844E9,1.5979711E9,
58.715230341,0.009624444,3.57E-7,59.705605897,1.5959125E7,0.0,1.5959092E7,95.0,8.192708333333334,69.377280848,0.007551167,1.33E-7,70.369729681,2.2544256E7,0.0,2.2544235E7,117.0,7.453125,1.281419775E9,1.5979711E9,
59.513432616,0.004962649,2.5E-7,60.508469967,1.5767368E7,0.0,1.5767355E7,84.0,6.3125,53.707456065,0.008823921,2.86E-7,54.698632144,9807040.0,0.0,9807019.0,69.0,8.303125,1.459078125E9,1.5979711E9,
