45.974452219,1.60951E-4,0.049429123,45.974291268,1348214.0,7.0,173.415497882,539799.0,109.041723561,100.0,0.0,765475.0,1.282979482E9,1.286072602E9,
32.616185276,1.16398E-4,0.022379415,32.616068878,875318.0,8.0,232.883935831,766180.0,120.754218461,100.0,0.0,843573.0,1.269780973E9,1.272874093E9,
32.441258279,2.34153E-4,0.018954951,32.441024126,437253.0,9.0,127.311563435,386047.0,121.522474776,100.0,0.0,698539.0,1.284208878E9,1.287301998E9,
43.619077122,1.21875E-4,0.017814365,43.618955247,1084787.0,8.0,193.140722761,617907.0,116.046077816,100.0,0.0,675546.0,1.276527067E9,1.279620187E9,
44.33129606,1.33587E-4,0.017171998,44.331162473,888885.0,9.0,259.561069832,815014.0,125.406126985,100.0,0.0,885739.0,1.271799877E9,1.274892997E9,
49.509322568,1.10454E-4,0.010391414,49.509212114,1440711.0,6.0,90.774924368,297658.0,124.271664549,100.0,0.0,402348.0,1.28719889E9,1.29338513E9,
94.529696112,3.8009E-5,0.009213665,94.529658103,4387079.0,4.0,403.810923785,1227495.0,127.838450737,100.0,0.0,1310940.0,1.27331552E9,1.27950176E9,
45.457863647,6.6099E-5,0.014494788,45.457797548,1440711.0,6.0,90.613328994,293749.0,109.290253491,100.0,0.0,396369.0,1.287067155E9,1.293253395E9,
49.614901732,8.0925E-5,0.017009871,49.614820807,1348214.0,7.0,292.411564198,912119.0,123.93609202,100.0,0.0,1402773.0,1.281212868E9,1.287399108E9,
48.453082552,9.3318E-5,0.015289565,48.452989234,1348214.0,7.0,292.028664034,956378.0,112.613698203,100.0,0.0,1458042.0,1.281073475E9,1.287259715E9,
49.432946423,5.4105E-5,0.013935132,49.432892318,1458271.0,7.0,403.975915425,1186933.0,114.936215729,100.0,0.0,1730839.0,1.280516084E9,1.289795444E9,
46.533616757,6.4083E-5,0.011887986,46.533552674,1440711.0,6.0,219.567589702,705072.0,115.86888956,100.0,0.0,984296.0,1.289522883E9,1.298802243E9,
48.485731948,2.5694E-5,0.014484318,48.485706254,1440711.0,6.0,242.544355169,786275.0,107.889782031,100.0,0.0,1107768.0,1.291191462E9,1.2999708E9,
33.241294412,5.3027E-5,0.015687619,33.241241385,594206.0,8.0,125.227280578,372068.0,110.848213691,100.0,0.0,517586.0,1.294964424E9,1.2999708E9,
59.853843708,4.3373E-5,0.014710888,59.853800335,2251736.0,6.0,252.797928493,806517.0,114.608953526,100.0,0.0,1244437.0,1.283209786E9,1.292489146E9,
48.489098357,4.4913E-5,0.013902358,48.489053444,1440711.0,6.0,346.186497249,1130021.0,114.265792043,100.0,0.0,1720176.0,1.284735053E9,1.297107533E9,
51.398456706,4.4615E-5,0.015029865,51.398412091,1440711.0,6.0,381.098839178,1251950.0,113.545968002,100.0,0.0,1884889.0,1.283991184E9,1.296363664E9,
24.408289399,6.8256E-5,0.02666501,24.408221143,72704.0,11.0,23.053797016,72720.0,111.754269871,100.0,0.0,116206.0,1.299483818E9,1.2999708E9,
53.556165889,4.664E-5,0.018758878,53.556119249,1440711.0,6.0,242.998687604,728117.0,112.565033839,100.0,0.0,1016827.0,1.291707004E9,1.2999708E9,
24.38615308,5.5803E-5,0.01779441,24.386097277,104266.0,9.0,33.680802882,104281.0,111.57280938,100.0,0.0,152432.0,1.298050837E9,1.2999708E9,
49.197630967,4.6413E-5,0.009469769,49.197584554,1440711.0,6.0,260.275003207,793493.0,114.639173453,100.0,0.0,1116737.0,1.290328754E9,1.2999708E9,
96.941820589,3.9093E-5,0.008429263,96.941781496,4387079.0,4.0,781.122465105,2370385.0,120.657135332,100.0,0.0,3003048.0,1.274092586E9,1.289558186E9,
49.346940411,4.5087E-5,0.012197356,49.346895324,1440711.0,6.0,378.939755216,1145931.0,115.930515368,100.0,0.0,1708774.0,1.28536052E9,1.2999708E9,
50.333033389,4.3823E-5,0.012535801,50.332989566,1440711.0,6.0,274.789639808,815599.0,113.180859552,100.0,0.0,1144649.0,1.288768764E9,1.2999708E9,
64.350717633,4.7894E-5,0.014850909,64.350669739,2172450.0,7.0,706.525279852,2160078.0,116.790761349,100.0,0.0,2786705.0,1.275279236E9,1.290744836E9,
24.332021379,6.4935E-5,0.020528961,24.331956444,104266.0,10.0,34.55095378,104280.0,110.577731864,100.0,0.0,152432.0,1.298489954E9,1.2999708E9,
50.37811323,4.3944E-5,0.012226728,50.378069286,1440711.0,6.0,250.058756389,815601.0,115.322895698,100.0,0.0,1144649.0,1.288573331E9,1.2999708E9,
32.472108164,5.2752E-5,0.014349648,32.472055412,594206.0,8.0,89.352267745,275879.0,115.326208194,100.0,0.0,400027.0,1.295242618E9,1.2999708E9,
74.419112724,4.4007E-5,0.014356022,74.419068717,2953532.0,6.0,749.418933449,2381890.0,118.683194685,100.0,0.0,3088836.0,1.275577358E9,1.294136078E9,
32.622269626,4.8906E-5,0.017149735,32.62222072,594206.0,8.0,96.073271491,300075.0,113.711638579,100.0,0.0,436715.0,1.295150583E9,1.2999708E9,
21.402285135,6.666E-5,0.020760778,21.402218475,21978.0,13.0,5.708068358,17694.0,111.632474764,100.0,0.0,47109.0,1.299834085E9,1.2999708E9,
101.466382091,3.9917E-5,0.008592883,101.466342174,4387079.0,4.0,1070.051300779,3279317.0,123.841227763,100.0,0.0,4042858.0,1.271083166E9,1.292735006E9,
24.252122586,4.6057E-5,0.020545152,24.252076529,104266.0,10.0,29.594542849,98445.0,116.808829535,100.0,0.0,145035.0,1.299046883E9,1.2999708E9,
98.498703544,2.6783E-5,0.009716955,98.498676761,4387079.0,4.0,987.711237695,3058040.0,133.623424327,100.0,0.0,3868211.0,1.272965144E9,1.294616984E9,
23.193599691,6.2322E-5,0.024936207,23.193537369,72704.0,11.0,17.250557734,48584.0,131.975657803,100.0,0.0,86939.0,1.299621892E9,1.2999708E9,
100.937552164,3.8026E-5,0.00933246,100.937514138,4387079.0,4.0,1264.155921727,3803649.0,118.430834318,100.0,0.0,4761057.0,1.270981324E9,1.295726284E9,
49.799566606,4.3997E-5,0.010990661,49.799522609,1440711.0,6.0,308.018901848,968572.0,116.678037556,100.0,0.0,1381404.0,1.286503497E9,1.2999708E9,
65.861670232,4.4064E-5,0.011199063,65.861626168,2251736.0,6.0,577.04070097,1737868.0,119.822395355,100.0,0.0,2576504.0,1.281770885E9,1.2999708E9,
75.806458201,4.6654E-5,0.012327368,75.806411547,2904159.0,6.0,939.001320352,2851210.0,121.781903936,100.0,0.0,3796519.0,1.27633473E9,1.2999708E9,
35.300083851,5.0099E-5,0.016397519,35.300033752,658221.0,8.0,202.786537516,650761.0,114.796301714,100.0,0.0,908948.0,1.293037331E9,1.2999708E9,
46.374630951,4.3125E-5,0.012744404,46.374587826,1440711.0,6.0,299.50856204,922635.0,117.457734814,100.0,0.0,1283338.0,1.287529661E9,1.2999708E9,
100.770138215,3.7706E-5,0.015050618,100.770100509,4387079.0,4.0,1103.869948662,3344215.0,121.406431064,100.0,0.0,4309932.0,1.27364178E9,1.2999708E9,
23.471150354,5.5632E-5,0.025308942,23.471094722,104266.0,10.0,33.509090491,104281.0,114.585517009,100.0,0.0,152432.0,1.298715577E9,1.2999708E9,
63.073826985,2.4531E-5,0.012112681,63.073802454,2251736.0,6.0,579.882597562,1739841.0,120.93378894,100.0,0.0,2579042.0,1.281765598E9,1.2999708E9,
49.621853267,4.4369E-5,0.012716592,49.621808898,1440711.0,6.0,384.15600937,1158116.0,117.649022008,100.0,0.0,1726964.0,1.285178641E9,1.2999708E9,
75.324221614,4.6614E-5,0.010056801,75.324175,2904159.0,6.0,887.65654948,2751436.0,119.782897636,100.0,0.0,3690900.0,1.276711101E9,1.2999708E9,
36.570761837,5.3774E-5,0.016056437,36.570708063,658221.0,8.0,183.133772318,606479.0,114.826600466,100.0,0.0,861347.0,1.293435239E9,1.2999708E9,
99.812450384,3.8002E-5,0.009569997,99.812412382,4387079.0,4.0,1072.868265941,3341086.0,120.969375473,100.0,0.0,4306736.0,1.273648671E9,1.2999708E9,
34.379451062,2.7356E-5,0.017454264,34.379423706,594206.0,8.0,79.5701873,220309.0,116.424966676,100.0,0.0,336382.0,1.295425541E9,1.2999708E9,
46.754560878,4.6477E-5,0.014978293,46.754514401,1440711.0,6.0,267.817054774,860312.0,117.382899085,100.0,0.0,1212383.0,1.287985868E9,1.2999708E9,
30.329596743,1.24073E-4,0.053557969,30.32947267,301921.0,10.0,85.272665737,259745.0,115.102719812,100.0,0.0,380462.0,1.281505305E9,1.283051865E9,
31.39252103,6.1504E-5,0.0197481,31.392459526,875318.0,8.0,110.766950681,371955.0,117.499707521,100.0,0.0,400644.0,1.270179174E9,1.271725734E9,
30.384242663,1.42645E-4,0.016851978,30.384100018,319992.0,8.0,32.359690215,104497.0,119.846887522,100.0,0.0,162515.0,1.286613709E9,1.288160269E9,
87.568208502,8.0945E-5,0.006414806,87.568127557,4387079.0,4.0,55.271823328,165822.0,115.495395191,100.0,0.0,174972.0,1.274500366E9,1.276046926E9,
29.342301814,6.2174E-5,0.017361605,29.34223964,319992.0,8.0,28.989569774,94627.0,113.576851075,100.0,0.0,207679.0,1.286235151E9,1.287781711E9,
32.289327566,1.11162E-4,0.018715307,32.289216404,506657.0,9.0,149.180697719,481610.0,111.004620832,100.0,0.0,770271.0,1.28352623E9,1.28661935E9,
30.917082884,1.02407E-4,0.017207166,30.916980477,319992.0,8.0,54.92115892,179886.0,110.137754351,100.0,0.0,319064.0,1.286190832E9,1.289283952E9,
32.48838713,7.6423E-5,0.016853671,32.488310707,478314.0,8.0,108.877998276,333192.0,117.038836909,100.0,0.0,603143.0,1.284849909E9,1.287943029E9,
48.714367816,1.30064E-4,0.016125237,48.714237752,1348214.0,7.0,181.088656685,593801.0,115.662584848,100.0,0.0,775878.0,1.280434715E9,1.283527835E9,
25.691294109,3.1875E-5,0.016131411,25.691262234,104266.0,10.0,33.826646766,104280.0,113.84747033,100.0,0.0,152432.0,1.29844756E9,1.2999708E9,
36.398810575,6.6766E-5,0.015125006,36.398743809,1175981.0,8.0,347.614204281,1084544.0,121.084994167,100.0,0.0,1200690.0,1.269213875E9,1.273853555E9,
53.255240929,2.826E-5,0.017800192,53.255212669,1763216.0,7.0,271.325280545,855487.0,116.860222664,100.0,0.0,1059250.0,1.27891489E9,1.28355457E9,
37.126276355,5.3558E-5,0.014503293,37.126222797,478314.0,8.0,141.02004399,472069.0,122.057035315,100.0,0.0,795153.0,1.284518061E9,1.289157741E9,
24.76819717,7.9562E-5,0.024112895,24.768117608,4495.0,15.0,1.096869917,4269.0,114.286774666,100.0,0.0,16030.0,1.299922431E9,1.2999708E9,
48.636460003,5.3387E-5,0.016795011,48.636406616,1269278.0,8.0,296.297199502,919481.0,131.073922399,100.0,0.0,1009672.0,1.276889126E9,1.281528806E9,
48.665022362,2.503E-5,0.013411211,48.664997332,1440711.0,6.0,211.476204981,689219.0,117.123705149,100.0,0.0,964309.0,1.290303003E9,1.296489243E9,
35.616456043,6.4412E-5,0.012963165,35.616391631,594206.0,8.0,165.786939969,566200.0,116.653687094,100.0,0.0,807363.0,1.294158708E9,1.2999708E9,
47.661051883,2.8796E-5,0.014740806,47.661023087,1331034.0,8.0,377.083377277,1147964.0,126.665262247,100.0,0.0,1249411.0,1.275206899E9,1.281393139E9,
43.474741568,2.5779E-5,0.011711253,43.474715789,1440711.0,6.0,111.546463958,328421.0,121.423686604,100.0,0.0,437009.0,1.287598521E9,1.293784761E9,
96.396272847,3.9293E-5,0.084482282,96.396233554,4387079.0,4.0,393.1295073,1269003.0,118.824284454,100.0,0.0,1379046.0,1.272397342E9,1.278583582E9,
60.892078439,3.0028E-5,0.014217339,60.892048411,2000637.0,7.0,482.51055287,1488693.0,119.225498585,100.0,0.0,1765717.0,1.276511537E9,1.284244337E9,
47.767915857,4.9241E-5,0.013579084,47.767866616,1442420.0,7.0,690.087271293,1082946.0,124.121911162,100.0,0.0,1617702.0,1.28099538E9,1.28872818E9,
108.523830917,4.1046E-5,0.009187814,108.523789871,4387079.0,4.0,592.70305808,1628916.0,116.683259471,100.0,0.0,1769314.0,1.271271083E9,1.279003883E9,
36.804637829,5.4473E-5,0.014039587,36.804583356,701696.0,8.0,230.843571743,701722.0,121.486116667,100.0,0.0,980685.0,1.292411827E9,1.2999708E9,
48.310318862,4.5317E-5,0.013097746,48.310273545,1440711.0,6.0,222.403080714,697505.0,117.846172683,100.0,0.0,947464.0,1.287814305E9,1.295547105E9,
36.377903921,5.4777E-5,0.010866056,36.377849144,711433.0,8.0,225.525000286,711457.0,116.392542355,100.0,0.0,992030.0,1.292201194E9,1.2999708E9,
48.600761994,6.8154E-5,0.013259788,48.60069384,1440711.0,6.0,247.343838907,793493.0,119.799343206,100.0,0.0,1116737.0,1.290751528E9,1.2999708E9,
23.285531262,6.9302E-5,0.022692402,23.28546196,72704.0,11.0,20.547705337,72720.0,111.568134082,100.0,0.0,116206.0,1.299462332E9,1.2999708E9,
97.628739392,4.0967E-5,0.007769306,97.628698425,4387079.0,4.0,642.773999068,1994502.0,118.888253767,100.0,0.0,2161216.0,1.270369186E9,1.279648546E9,
48.496189542,4.8044E-5,0.012293697,48.496141498,1440711.0,6.0,215.307456431,705345.0,115.172735755,100.0,0.0,984558.0,1.289453136E9,1.298732496E9,
59.613974591,5.2091E-5,0.013668132,59.6139225,1873273.0,7.0,470.232386988,1482938.0,117.972029453,100.0,0.0,2053947.0,1.279105882E9,1.289931802E9,
24.362962441,5.5055E-5,0.017342174,24.362907386,104266.0,9.0,32.226532968,104281.0,118.689123835,100.0,0.0,152432.0,1.296873207E9,1.2999708E9,
24.416034737,5.4954E-5,0.020019326,24.415979783,104266.0,9.0,34.178787348,104281.0,110.632140679,100.0,0.0,152432.0,1.298084801E9,1.2999708E9,
97.92140198,3.9723E-5,0.008856918,97.921362257,4387079.0,4.0,728.141611139,2262638.0,120.172776418,100.0,0.0,2459684.0,1.269396924E9,1.280222844E9,
52.261716603,4.8926E-5,0.01605832,52.261667677,1458271.0,7.0,451.100361684,1444985.0,119.745602106,100.0,0.0,2011950.0,1.279337609E9,1.290163529E9,
34.997878366,3.1519E-5,0.016569987,34.997846847,711433.0,8.0,239.133681256,711457.0,116.522181849,100.0,0.0,992030.0,1.292061289E9,1.2999708E9,
96.096869352,3.9557E-5,0.00908188,96.096829795,4387079.0,4.0,664.711936991,2129298.0,117.052896356,100.0,0.0,2724030.0,1.274777782E9,1.287150262E9,
25.615657053,5.7995E-5,0.017986212,25.615599058,113786.0,9.0,33.190281534,106607.0,114.201489739,100.0,0.0,155213.0,1.296165675E9,1.2999708E9,
51.937522928,5.0481E-5,0.012904744,51.937472447,1440711.0,6.0,369.360029705,1183384.0,118.130166245,100.0,0.0,1787370.0,1.284481689E9,1.296854169E9,
63.383485848,3.4689E-5,0.015236428,63.383451159,2094843.0,7.0,637.578236157,1927310.0,118.015914932,100.0,0.0,2537310.0,1.276734039E9,1.289106519E9,
65.554476439,2.711E-5,0.014397607,65.554449329,2151187.0,7.0,612.263300171,1915820.0,118.915660115,100.0,0.0,2527374.0,1.276878917E9,1.290797957E9,
62.864745935,2.4484E-5,0.011877662,62.864721451,2251736.0,6.0,474.36462016,1571287.0,117.671134314,100.0,0.0,2304166.0,1.281551804E9,1.295470844E9,
100.52369017,3.8484E-5,0.009263911,100.523651686,4387079.0,4.0,894.459208507,2866362.0,122.040253982,100.0,0.0,3238546.0,1.269357386E9,1.283276426E9,
103.559263705,3.9543E-5,0.008177996,103.559224162,4387079.0,4.0,865.370847114,2654809.0,119.890593247,100.0,0.0,3225146.0,1.272442002E9,1.286361042E9,
96.601157927,4.5418E-5,0.009825581,96.601112509,4387079.0,4.0,771.742731348,2523189.0,118.22866816,100.0,0.0,3136045.0,1.273188771E9,1.287107811E9,
23.124831406,5.8299E-5,0.020611265,23.124773107,104266.0,9.0,33.260516832,104281.0,112.509913011,100.0,0.0,152432.0,1.298107573E9,1.2999708E9,
94.681824144,4.1796E-5,0.009135899,94.681782348,4387079.0,4.0,960.552963432,2982283.0,116.635996268,100.0,0.0,3616214.0,1.271157935E9,1.286623535E9,
67.612155634,2.7386E-5,0.017176033,67.612128248,2172450.0,7.0,657.935294084,2160688.0,117.904079392,100.0,0.0,2787297.0,1.275261528E9,1.290727128E9,
63.062662062,4.5632E-5,0.014023813,63.06261643,2251736.0,6.0,463.033800357,1446683.0,117.872810936,100.0,0.0,2139226.0,1.28289721E9,1.29836281E9,
52.688962037,3.4885E-5,0.013381549,52.688927152,1440711.0,6.0,783.454338322,1199026.0,118.185118086,100.0,0.0,1822034.0,1.284874216E9,1.2999708E9,
