26.23,46.64002,1.41025641025641,1.52625152625153,470.32967032967,5.00610500610501,2012-05-31T23:59:00.000+0200
26.24,46.674102,1.42246642246642,1.06227106227106,468.376068376068,5.00610500610501,2012-05-31T23:58:00.000+0200
26.23,46.705772,1.42857142857143,1.99023199023199,469.84126984127,5.00610500610501,2012-05-31T23:57:00.000+0200
26.24,46.706976,1.44688644688645,1.26373626373626,471.794871794872,5.00610500610501,2012-05-31T23:56:00.000+0200
26.23,46.705772,1.45299145299145,1.69108669108669,470.818070818071,5.00610500610501,2012-05-31T23:55:00.000+0200
26.23,46.705772,1.46520146520147,1.69108669108669,470.818070818071,5.00610500610501,2012-05-31T23:54:00.000+0200
26.22,46.7374348,1.47741147741148,1.6971916971917,469.84126984127,5.00610500610501,2012-05-31T23:53:00.000+0200
26.22,46.7374348,1.52625152625153,1.36141636141636,468.376068376068,5.00610500610501,2012-05-31T23:52:00.000+0200
26.24,46.7398444,1.52625152625153,1.41636141636142,467.887667887668,4.98168498168498,2012-05-31T23:51:00.000+0200
26.23,46.705772,1.36141636141636,1.65445665445665,465.934065934066,5.00610500610501,2012-05-31T23:50:00.000+0200
26.22,46.7374348,1.4041514041514,1.11721611721612,465.934065934066,5.00610500610501,2012-05-31T23:49:00.000+0200
26.22,46.770296,1.37973137973138,1.5018315018315,464.957264957265,5.00610500610501,2012-05-31T23:48:00.000+0200
26.22,46.770296,1.37362637362637,1.64835164835165,463.980463980464,5.00610500610501,2012-05-31T23:47:00.000+0200
26.21,46.7690904,1.37973137973138,1.62393162393162,465.934065934066,5.00610500610501,2012-05-31T23:46:00.000+0200
26.2,46.8335872,1.36141636141636,1.61172161172161,465.934065934066,5.00610500610501,2012-05-31T23:45:00.000+0200
26.21,46.8347944,1.37973137973138,1.81318681318681,467.887667887668,5.00610500610501,2012-05-31T23:44:00.000+0200
26.2,46.86643,1.4041514041514,2.1001221001221,468.376068376068,5.01831501831502,2012-05-31T23:43:00.000+0200
26.2,46.86643,1.3980463980464,1.52014652014652,466.422466422466,5.00610500610501,2012-05-31T23:42:00.000+0200
26.19,46.8980584,1.4041514041514,1.77655677655678,469.84126984127,5.00610500610501,2012-05-31T23:41:00.000+0200
26.18,46.8968496,1.3980463980464,2.22222222222222,467.887667887668,5.01831501831502,2012-05-31T23:40:00.000+0200
26.18,46.9296796,1.41025641025641,1.63614163614164,470.32967032967,5.00610500610501,2012-05-31T23:39:00.000+0200
26.18,46.962504,1.42857142857143,2.11233211233211,471.794871794872,5.00610500610501,2012-05-31T23:38:00.000+0200
26.16,47.025712,1.42857142857143,1.77045177045177,469.84126984127,5.00610500610501,2012-05-31T23:37:00.000+0200
26.17,47.026924,1.45299145299145,1.41636141636142,469.84126984127,5.05494505494505,2012-05-31T23:36:00.000+0200
26.16,47.025712,1.45909645909646,1.84371184371184,468.864468864469,5.00610500610501,2012-05-31T23:35:00.000+0200
26.15,47.0245,1.37973137973138,1.46520146520147,469.84126984127,5.00610500610501,2012-05-31T23:34:00.000+0200
26.16,47.058518,1.36752136752137,1.14774114774115,471.794871794872,5.00610500610501,2012-05-31T23:33:00.000+0200
26.12,47.086464,1.37973137973138,1.4041514041514,471.794871794872,5.00610500610501,2012-05-31T23:32:00.000+0200
26.14,47.1216844,1.37973137973138,1.05616605616606,473.748473748474,5.00610500610501,2012-05-31T23:31:00.000+0200
26.13,47.186038,1.37973137973138,1.35531135531136,475.702075702076,5.00610500610501,2012-05-31T23:30:00.000+0200
26.12,47.184822,1.37973137973138,1.50793650793651,474.725274725275,5.00610500610501,2012-05-31T23:29:00.000+0200
26.12,47.184822,1.50793650793651,1.15384615384615,471.794871794872,5.03052503052503,2012-05-31T23:28:00.000+0200
26.1,47.2151632,1.58119658119658,1.72161172161172,470.818070818071,5.01831501831502,2012-05-31T23:27:00.000+0200
26.11,47.21638,1.42246642246642,1.75824175824176,469.84126984127,5.01831501831502,2012-05-31T23:26:00.000+0200
26.1,47.2806928,1.42857142857143,1.50793650793651,467.887667887668,5.00610500610501,2012-05-31T23:25:00.000+0200
26.1,47.2806928,1.41025641025641,1.61172161172161,473.748473748474,5.00610500610501,2012-05-31T23:24:00.000+0200
26.08,47.3110108,1.44078144078144,2.002442002442,472.771672771673,5.01831501831502,2012-05-31T23:23:00.000+0200
26.07,47.34254,1.44688644688645,2.18559218559219,473.748473748474,5.00610500610501,2012-05-31T23:22:00.000+0200
26.06,47.34132,1.47741147741148,1.7032967032967,474.236874236874,5.00610500610501,2012-05-31T23:21:00.000+0200
26.06,47.34132,1.37973137973138,1.67277167277167,478.144078144078,5.00610500610501,2012-05-31T23:20:00.000+0200
26.04,47.3716204,1.36752136752137,1.8986568986569,477.655677655678,5.00610500610501,2012-05-31T23:19:00.000+0200
26.03,47.435862,1.37973137973138,1.73382173382173,481.562881562882,5.00610500610501,2012-05-31T23:18:00.000+0200
26.02,47.4673616,1.39194139194139,1.5018315018315,479.60927960928,5.01831501831502,2012-05-31T23:17:00.000+0200
26.0,47.49763,1.33089133089133,1.61172161172161,481.562881562882,5.01831501831502,2012-05-31T23:16:00.000+0200
26.02,47.4673616,1.3980463980464,2.02075702075702,483.516483516484,5.01831501831502,2012-05-31T23:15:00.000+0200
26.0,47.5303392,1.4041514041514,1.74603174603175,484.004884004884,5.01831501831502,2012-05-31T23:14:00.000+0200
26.0,47.5303392,1.4041514041514,0.879120879120879,487.423687423687,5.03052503052503,2012-05-31T23:13:00.000+0200
25.97,47.5266648,1.41025641025641,1.55067155067155,487.912087912088,5.03052503052503,2012-05-31T23:12:00.000+0200
25.97,47.5920616,1.41636141636142,1.44078144078144,490.35409035409,5.00610500610501,2012-05-31T23:11:00.000+0200
25.96,47.5908352,1.42857142857143,1.30647130647131,489.377289377289,5.01831501831502,2012-05-31T23:10:00.000+0200
25.95,47.5896088,1.29426129426129,1.41025641025641,485.958485958486,5.01831501831502,2012-05-31T23:09:00.000+0200
25.95,47.5896088,1.44078144078144,1.15384615384615,485.470085470085,5.03052503052503,2012-05-31T23:08:00.000+0200
25.92,47.553238,1.44688644688645,0.83028083028083,483.516483516484,5.01831501831502,2012-05-31T23:07:00.000+0200
25.92,47.5205408,1.46520146520147,1.39194139194139,479.60927960928,4.98168498168498,2012-05-31T23:06:00.000+0200
25.9,47.48539,1.47741147741148,2.25885225885226,477.655677655678,4.99389499389499,2012-05-31T23:05:00.000+0200
25.89,47.45146,1.4041514041514,1.15384615384615,476.190476190476,5.01831501831502,2012-05-31T23:04:00.000+0200
25.88,47.4502368,1.4041514041514,1.58119658119658,477.655677655678,5.03052503052503,2012-05-31T23:03:00.000+0200
25.86,47.480494,1.4041514041514,1.34310134310134,477.655677655678,5.01831501831502,2012-05-31T23:02:00.000+0200
25.85,47.4465672,1.41025641025641,1.75824175824176,477.655677655678,5.04273504273504,2012-05-31T23:01:00.000+0200
25.84,47.478046,1.39194139194139,1.78266178266178,475.702075702076,5.05494505494505,2012-05-31T23:00:00.000+0200
25.83,47.4441208,1.41025641025641,2.1978021978022,475.702075702076,5.03052503052503,2012-05-31T22:59:00.000+0200
25.8,47.4404512,1.41636141636142,1.7032967032967,475.702075702076,5.03052503052503,2012-05-31T22:58:00.000+0200
25.79,47.471926,1.42857142857143,1.42246642246642,477.655677655678,5.03052503052503,2012-05-31T22:57:00.000+0200
25.78,47.4380048,1.44078144078144,1.05616605616606,479.60927960928,5.03052503052503,2012-05-31T22:56:00.000+0200
25.77,47.4367816,1.37362637362637,1.31868131868132,477.655677655678,5.01831501831502,2012-05-31T22:55:00.000+0200
25.74,47.465806,1.45299145299145,1.36752136752137,478.632478632479,5.03052503052503,2012-05-31T22:54:00.000+0200
25.74,47.433112,1.67277167277167,1.77655677655678,479.60927960928,5.03052503052503,2012-05-31T22:53:00.000+0200
25.72,47.3979676,1.47741147741148,1.6971916971917,479.60927960928,5.04273504273504,2012-05-31T22:52:00.000+0200
25.71,47.29862,1.48351648351648,1.66056166056166,477.655677655678,5.03052503052503,2012-05-31T22:51:00.000+0200
25.68,47.29496,1.06227106227106,1.88034188034188,479.60927960928,5.03052503052503,2012-05-31T22:50:00.000+0200
25.67,47.29374,1.41025641025641,1.74603174603175,480.09768009768,5.05494505494505,2012-05-31T22:49:00.000+0200
25.64,47.29008,1.41636141636142,1.8009768009768,479.60927960928,5.03052503052503,2012-05-31T22:48:00.000+0200
25.62,47.2549276,1.57509157509158,1.94139194139194,478.632478632479,5.05494505494505,2012-05-31T22:47:00.000+0200
25.62,47.2222096,1.42246642246642,2.11233211233211,478.632478632479,5.05494505494505,2012-05-31T22:46:00.000+0200
25.58,47.1846156,1.42857142857143,2.12454212454212,475.702075702076,5.05494505494505,2012-05-31T22:45:00.000+0200
25.58,47.1846156,1.43467643467643,2.02075702075702,475.702075702076,5.03052503052503,2012-05-31T22:44:00.000+0200
25.54,47.2124624,1.42857142857143,2.01465201465201,476.190476190476,5.03052503052503,2012-05-31T22:43:00.000+0200
25.52,47.1445888,1.43467643467643,2.31379731379731,475.702075702076,5.05494505494505,2012-05-31T22:42:00.000+0200
25.51,47.143372,1.45299145299145,1.25763125763126,475.702075702076,5.05494505494505,2012-05-31T22:41:00.000+0200
25.5,47.1421552,1.25763125763126,1.96581196581197,472.283272283272,5.05494505494505,2012-05-31T22:40:00.000+0200
25.48,47.1397216,1.46520146520147,1.85592185592186,473.748473748474,5.07936507936508,2012-05-31T22:39:00.000+0200
25.45,47.1360712,1.48351648351648,1.55677655677656,475.702075702076,5.05494505494505,2012-05-31T22:38:00.000+0200
25.43,47.0681928,1.3980463980464,1.83150183150183,475.702075702076,5.06715506715507,2012-05-31T22:37:00.000+0200
25.39,47.063332,1.4957264957265,1.8986568986569,477.655677655678,5.06715506715507,2012-05-31T22:36:00.000+0200
25.38,46.9966576,1.51404151404151,1.25763125763126,475.702075702076,5.05494505494505,2012-05-31T22:35:00.000+0200
25.36,46.928752,1.45299145299145,1.88034188034188,473.748473748474,5.07936507936508,2012-05-31T22:34:00.000+0200
25.33,46.925116,1.45299145299145,1.83150183150183,475.702075702076,5.06715506715507,2012-05-31T22:33:00.000+0200
25.3,46.8559888,1.45909645909646,1.4041514041514,475.702075702076,5.06715506715507,2012-05-31T22:32:00.000+0200
25.28,46.853568,1.45909645909646,1.84371184371184,473.748473748474,5.06715506715507,2012-05-31T22:31:00.000+0200
25.25,46.8499368,1.47130647130647,2.27106227106227,474.725274725275,5.06715506715507,2012-05-31T22:30:00.000+0200
25.21,46.8123484,1.47130647130647,1.6971916971917,473.748473748474,5.06715506715507,2012-05-31T22:29:00.000+0200
25.18,46.7759696,1.48962148962149,1.78876678876679,472.771672771673,5.05494505494505,2012-05-31T22:28:00.000+0200
25.16,46.773552,1.5018315018315,2.14896214896215,469.84126984127,5.05494505494505,2012-05-31T22:27:00.000+0200
25.14,46.738382,1.50793650793651,1.81929181929182,472.771672771673,5.06715506715507,2012-05-31T22:26:00.000+0200
25.1,46.7007952,1.52625152625153,1.83150183150183,472.771672771673,5.07936507936508,2012-05-31T22:25:00.000+0200
25.08,46.6983808,1.53846153846154,1.77655677655678,471.794871794872,5.07936507936508,2012-05-31T22:24:00.000+0200
25.05,46.6947592,1.44078144078144,1.95360195360195,470.32967032967,5.07936507936508,2012-05-31T22:23:00.000+0200
25.02,46.625624,1.61172161172161,1.68498168498168,470.32967032967,5.07936507936508,2012-05-31T22:22:00.000+0200
24.98,46.6208016,1.57509157509158,1.66666666666667,469.84126984127,5.09157509157509,2012-05-31T22:21:00.000+0200
24.96,46.552864,1.45299145299145,2.72283272283272,471.794871794872,5.1037851037851,2012-05-31T22:20:00.000+0200
24.93,46.549252,1.41636141636142,2.21001221001221,469.84126984127,5.1037851037851,2012-05-31T22:19:00.000+0200
24.9,46.4801008,1.45299145299145,1.77655677655678,469.84126984127,5.1037851037851,2012-05-31T22:18:00.000+0200
24.86,46.4425164,1.45299145299145,1.62393162393162,468.864468864469,5.1037851037851,2012-05-31T22:17:00.000+0200
24.84,46.4073344,1.42857142857143,2.5030525030525,467.887667887668,5.07936507936508,2012-05-31T22:16:00.000+0200
24.8,46.4025312,1.48351648351648,2.31379731379731,465.934065934066,5.1037851037851,2012-05-31T22:15:00.000+0200
24.77,46.3989288,1.44078144078144,2.38095238095238,466.422466422466,5.1037851037851,2012-05-31T22:14:00.000+0200
24.74,46.329768,1.47741147741148,1.96581196581197,468.376068376068,5.11599511599512,2012-05-31T22:13:00.000+0200
24.72,46.36015,1.47741147741148,2.64957264957265,469.84126984127,5.1037851037851,2012-05-31T22:12:00.000+0200
24.69,46.2909884,1.47741147741148,2.22222222222222,467.887667887668,5.1037851037851,2012-05-31T22:11:00.000+0200
24.65,46.2534088,1.48962148962149,2.63736263736264,470.32967032967,5.11599511599512,2012-05-31T22:10:00.000+0200
24.64,46.2194204,1.5018315018315,2.08791208791209,469.84126984127,5.11599511599512,2012-05-31T22:09:00.000+0200
24.6,46.18184,1.50793650793651,1.86813186813187,467.887667887668,5.11599511599512,2012-05-31T22:08:00.000+0200
24.57,46.178252,1.51404151404151,1.82539682539683,462.515262515263,5.11599511599512,2012-05-31T22:07:00.000+0200
24.56,46.209846,1.52625152625153,1.41636141636142,460.07326007326,5.11599511599512,2012-05-31T22:06:00.000+0200
24.54,46.1090704,1.58730158730159,1.63614163614164,460.07326007326,5.11599511599512,2012-05-31T22:05:00.000+0200
24.52,46.008254,1.46520146520147,1.62393162393162,459.096459096459,5.11599511599512,2012-05-31T22:04:00.000+0200
24.53,45.9109656,1.44078144078144,2.49084249084249,458.608058608059,5.11599511599512,2012-05-31T22:03:00.000+0200
24.51,45.842908,1.47130647130647,2.27106227106227,452.258852258852,5.11599511599512,2012-05-31T22:02:00.000+0200
24.52,45.6469216,1.47741147741148,2.30769230769231,448.351648351648,5.11599511599512,2012-05-31T22:01:00.000+0200
24.54,45.5506204,1.48962148962149,2.42979242979243,450.30525030525,5.11599511599512,2012-05-31T22:00:00.000+0200
24.55,45.5846968,1.48962148962149,2.3992673992674,451.282051282051,5.1037851037851,2012-05-31T21:59:00.000+0200
24.56,45.52008,1.48962148962149,1.98412698412698,450.30525030525,5.11599511599512,2012-05-31T21:58:00.000+0200
24.57,45.52126,1.5018315018315,2.11843711843712,450.793650793651,5.12820512820513,2012-05-31T21:57:00.000+0200
24.57,45.4883516,1.5018315018315,1.87423687423687,449.328449328449,5.11599511599512,2012-05-31T21:56:00.000+0200
24.59,45.3919464,1.51404151404151,2.26495726495726,446.398046398046,5.1037851037851,2012-05-31T21:55:00.000+0200
24.6,45.4260508,1.53235653235653,1.83760683760684,444.444444444444,5.1037851037851,2012-05-31T21:54:00.000+0200
24.62,45.263704,1.53846153846154,1.78266178266178,441.025641025641,5.1037851037851,2012-05-31T21:53:00.000+0200
24.65,45.2342652,1.55067155067155,2.09401709401709,440.537240537241,5.1037851037851,2012-05-31T21:52:00.000+0200
24.67,45.203644,1.55677655677656,1.81929181929182,442.490842490843,5.1037851037851,2012-05-31T21:51:00.000+0200
24.68,45.1718428,1.44688644688645,2.23443223443223,442.490842490843,5.1037851037851,2012-05-31T21:50:00.000+0200
24.68,45.2377836,1.45299145299145,1.96581196581197,441.025641025641,5.11599511599512,2012-05-31T21:49:00.000+0200
24.7,45.20716,1.45299145299145,2.2039072039072,440.537240537241,5.1037851037851,2012-05-31T21:48:00.000+0200
24.7,45.1082188,1.46520146520147,2.06349206349206,440.537240537241,5.12820512820513,2012-05-31T21:47:00.000+0200
24.7,45.1082188,1.46520146520147,2.06349206349206,439.072039072039,5.1037851037851,2012-05-31T21:46:00.000+0200
24.7,45.1412048,1.45909645909646,1.44688644688645,439.072039072039,5.1037851037851,2012-05-31T21:45:00.000+0200
24.7,45.1741852,1.46520146520147,1.52625152625153,441.025641025641,5.1037851037851,2012-05-31T21:44:00.000+0200
24.69,45.00806,1.47741147741148,2.25885225885226,440.537240537241,5.11599511599512,2012-05-31T21:43:00.000+0200
24.68,45.0068928,1.45299145299145,2.03907203907204,442.490842490843,5.11599511599512,2012-05-31T21:42:00.000+0200
24.66,45.0045584,1.47741147741148,1.73382173382173,441.514041514042,5.1037851037851,2012-05-31T21:41:00.000+0200
24.65,44.9703868,1.48351648351648,2.33821733821734,438.583638583639,5.1037851037851,2012-05-31T21:40:00.000+0200
24.63,45.0010568,1.48962148962149,2.01465201465201,438.583638583639,5.1037851037851,2012-05-31T21:39:00.000+0200
24.62,44.9998896,1.5018315018315,2.26495726495726,438.583638583639,5.11599511599512,2012-05-31T21:38:00.000+0200
24.6,44.9975552,1.51404151404151,2.08791208791209,436.630036630037,5.15262515262515,2012-05-31T21:37:00.000+0200
24.6,44.9315488,1.51404151404151,1.79487179487179,438.583638583639,5.11599511599512,2012-05-31T21:36:00.000+0200
24.59,44.8973724,1.61172161172161,2.02075702075702,439.072039072039,5.11599511599512,2012-05-31T21:35:00.000+0200
24.6,44.86552,1.45299145299145,1.6971916971917,435.164835164835,5.11599511599512,2012-05-31T21:34:00.000+0200
24.59,44.7983064,1.41636141636142,2.06959706959707,435.164835164835,5.1037851037851,2012-05-31T21:33:00.000+0200
24.59,44.7983064,1.45909645909646,2.17338217338217,432.722832722833,5.11599511599512,2012-05-31T21:32:00.000+0200
24.59,44.7652732,1.45909645909646,1.52625152625153,433.699633699634,5.11599511599512,2012-05-31T21:31:00.000+0200
24.6,44.7333952,1.46520146520147,1.44078144078144,434.676434676435,5.1037851037851,2012-05-31T21:30:00.000+0200
24.6,44.7333952,1.46520146520147,2.1978021978022,434.676434676435,5.1037851037851,2012-05-31T21:29:00.000+0200
24.61,44.734556,1.47741147741148,1.34310134310134,435.164835164835,5.1037851037851,2012-05-31T21:28:00.000+0200
24.6,44.7333952,1.47741147741148,1.89255189255189,438.583638583639,5.1037851037851,2012-05-31T21:27:00.000+0200
24.61,44.70151,1.47130647130647,2.36874236874237,436.630036630037,5.1037851037851,2012-05-31T21:26:00.000+0200
24.62,44.6696176,1.48962148962149,1.48962148962149,436.630036630037,5.11599511599512,2012-05-31T21:25:00.000+0200
24.64,44.6388764,1.48962148962149,1.96581196581197,434.676434676435,5.1037851037851,2012-05-31T21:24:00.000+0200
24.65,44.6069688,1.5018315018315,2.35653235653236,434.676434676435,5.1037851037851,2012-05-31T21:23:00.000+0200
24.66,44.541976,1.48351648351648,1.30647130647131,434.676434676435,5.1037851037851,2012-05-31T21:22:00.000+0200
24.67,44.4769576,1.51404151404151,1.39194139194139,434.676434676435,5.1037851037851,2012-05-31T21:21:00.000+0200
24.69,44.4461692,1.42857142857143,1.86202686202686,433.699633699634,5.1037851037851,2012-05-31T21:20:00.000+0200
24.72,44.4165248,1.44078144078144,1.64835164835165,438.583638583639,5.1037851037851,2012-05-31T21:19:00.000+0200
24.74,44.3526,1.45299145299145,2.34432234432234,437.118437118437,5.1037851037851,2012-05-31T21:18:00.000+0200
24.74,44.3526,1.45299145299145,2.53357753357753,436.630036630037,5.1037851037851,2012-05-31T21:17:00.000+0200
24.77,44.289796,1.46520146520147,2.5030525030525,436.630036630037,5.1037851037851,2012-05-31T21:16:00.000+0200
24.78,44.2909456,1.45299145299145,2.27106227106227,434.676434676435,5.1037851037851,2012-05-31T21:15:00.000+0200
24.79,44.225812,1.56288156288156,1.88644688644689,435.653235653236,5.1037851037851,2012-05-31T21:14:00.000+0200
24.8,44.22696,1.46520146520147,2.18559218559219,434.676434676435,5.1037851037851,2012-05-31T21:13:00.000+0200
24.81,44.1949564,1.46520146520147,2.61904761904762,435.653235653236,5.1037851037851,2012-05-31T21:12:00.000+0200
24.84,44.1652384,1.47741147741148,2.31990231990232,436.630036630037,5.1037851037851,2012-05-31T21:11:00.000+0200
24.85,44.1332188,1.47741147741148,2.58852258852259,435.653235653236,5.07936507936508,2012-05-31T21:10:00.000+0200
24.86,44.101192,1.48962148962149,2.002442002442,434.676434676435,5.1037851037851,2012-05-31T21:09:00.000+0200
24.88,44.070302,1.5018315018315,2.52747252747253,434.676434676435,5.1037851037851,2012-05-31T21:08:00.000+0200
24.88,44.070302,1.50793650793651,2.14896214896215,434.676434676435,5.1037851037851,2012-05-31T21:07:00.000+0200
24.91,44.0073532,1.52014652014652,1.98412698412698,435.653235653236,5.09157509157509,2012-05-31T21:06:00.000+0200
24.92,43.975296,1.52625152625153,2.83272283272283,432.722832722833,5.1037851037851,2012-05-31T21:05:00.000+0200
24.93,43.9432316,1.45909645909646,2.46031746031746,432.722832722833,5.07936507936508,2012-05-31T21:04:00.000+0200
24.94,43.91116,1.45909645909646,2.40537240537241,434.676434676435,5.1037851037851,2012-05-31T21:03:00.000+0200
24.95,43.9123,1.45299145299145,2.78998778998779,434.676434676435,5.07936507936508,2012-05-31T21:02:00.000+0200
24.96,43.8802204,1.43467643467643,2.53968253968254,437.606837606838,5.07936507936508,2012-05-31T21:01:00.000+0200
24.97,43.8481336,1.47741147741148,2.11233211233211,434.676434676435,5.07936507936508,2012-05-31T21:00:00.000+0200
24.98,43.8160396,1.47741147741148,1.96581196581197,432.722832722833,5.07936507936508,2012-05-31T20:59:00.000+0200
25.0,43.8515488,1.45909645909646,1.72161172161172,434.676434676435,5.07936507936508,2012-05-31T20:58:00.000+0200
25.0,43.8183148,1.46520146520147,2.34432234432234,436.630036630037,5.09157509157509,2012-05-31T20:57:00.000+0200
25.0,43.8183148,1.5018315018315,2.1001221001221,438.583638583639,5.07936507936508,2012-05-31T20:56:00.000+0200
25.02,43.7873488,1.50793650793651,2.67399267399267,439.072039072039,5.07936507936508,2012-05-31T20:55:00.000+0200
25.02,43.7873488,1.52625152625153,2.64957264957265,439.56043956044,5.05494505494505,2012-05-31T20:54:00.000+0200
25.03,43.755238,1.53846153846154,2.11233211233211,440.537240537241,5.06715506715507,2012-05-31T20:53:00.000+0200
25.04,43.72312,1.56288156288156,2.27106227106227,440.537240537241,5.07936507936508,2012-05-31T20:52:00.000+0200
25.04,43.6565952,1.5995115995116,2.66178266178266,440.537240537241,5.05494505494505,2012-05-31T20:51:00.000+0200
25.05,43.6577288,1.5995115995116,2.75335775335775,439.072039072039,5.1037851037851,2012-05-31T20:50:00.000+0200
25.04,43.6565952,1.52625152625153,2.28937728937729,438.583638583639,5.07936507936508,2012-05-31T20:49:00.000+0200
25.06,43.62559,1.44688644688645,2.21001221001221,438.583638583639,5.07936507936508,2012-05-31T20:48:00.000+0200
25.04,43.6233244,1.50793650793651,2.06959706959707,440.537240537241,5.09157509157509,2012-05-31T20:47:00.000+0200
25.05,43.6577288,1.45299145299145,2.25885225885226,438.583638583639,5.07936507936508,2012-05-31T20:46:00.000+0200
25.04,43.6565952,1.45909645909646,1.48351648351648,440.537240537241,5.09157509157509,2012-05-31T20:45:00.000+0200
25.04,43.6565952,1.47741147741148,1.96581196581197,440.537240537241,5.07936507936508,2012-05-31T20:44:00.000+0200
25.02,43.654328,1.47741147741148,2.34432234432234,441.514041514042,5.07936507936508,2012-05-31T20:43:00.000+0200
25.02,43.6210588,1.48351648351648,2.002442002442,438.583638583639,5.07936507936508,2012-05-31T20:42:00.000+0200
25.01,43.619926,1.48962148962149,1.996336996337,438.583638583639,5.07936507936508,2012-05-31T20:41:00.000+0200
25.01,43.6531944,1.48962148962149,1.96581196581197,437.606837606838,5.07936507936508,2012-05-31T20:40:00.000+0200
25.0,43.6520608,1.5018315018315,1.88034188034188,438.583638583639,5.07936507936508,2012-05-31T20:39:00.000+0200
25.0,43.6520608,1.52625152625153,1.75213675213675,438.583638583639,5.07936507936508,2012-05-31T20:38:00.000+0200
24.98,43.6165276,1.52625152625153,2.42979242979243,435.653235653236,5.06715506715507,2012-05-31T20:37:00.000+0200
24.99,43.6176604,1.54456654456654,2.28937728937729,436.630036630037,5.07936507936508,2012-05-31T20:36:00.000+0200
24.98,43.583256,1.56288156288156,2.22222222222222,436.630036630037,5.07936507936508,2012-05-31T20:35:00.000+0200
24.98,43.583256,1.46520146520147,2.16117216117216,440.537240537241,5.07936507936508,2012-05-31T20:34:00.000+0200
24.97,43.582124,1.45909645909646,1.63614163614164,439.072039072039,5.1037851037851,2012-05-31T20:33:00.000+0200
24.96,43.580992,1.30647130647131,2.18559218559219,439.072039072039,5.1037851037851,2012-05-31T20:32:00.000+0200
24.96,43.580992,1.45299145299145,1.97802197802198,438.583638583639,5.07936507936508,2012-05-31T20:31:00.000+0200
24.93,43.577596,1.45909645909646,2.1978021978022,441.514041514042,5.07936507936508,2012-05-31T20:30:00.000+0200
24.93,43.577596,1.46520146520147,2.33821733821734,438.583638583639,5.1037851037851,2012-05-31T20:29:00.000+0200
24.91,43.575332,1.48962148962149,2.27106227106227,440.537240537241,5.07936507936508,2012-05-31T20:28:00.000+0200
24.91,43.6418584,1.46520146520147,2.09401709401709,438.583638583639,5.07936507936508,2012-05-31T20:27:00.000+0200
24.9,43.5742,1.47741147741148,2.26495726495726,438.583638583639,5.1037851037851,2012-05-31T20:26:00.000+0200
24.88,43.6384576,1.4957264957265,2.50915750915751,437.606837606838,5.1037851037851,2012-05-31T20:25:00.000+0200
24.87,43.637324,1.51404151404151,1.81929181929182,438.583638583639,5.07936507936508,2012-05-31T20:24:00.000+0200
24.86,43.6361904,1.50793650793651,2.35653235653236,438.583638583639,5.1037851037851,2012-05-31T20:23:00.000+0200
24.86,43.6694412,1.50793650793651,1.94139194139194,442.490842490843,5.07936507936508,2012-05-31T20:22:00.000+0200
24.85,43.7015512,1.52625152625153,1.23321123321123,442.490842490843,5.1037851037851,2012-05-31T20:21:00.000+0200
24.83,43.566276,1.45909645909646,2.02686202686203,436.630036630037,5.1037851037851,2012-05-31T20:20:00.000+0200
24.85,43.5352732,1.45299145299145,2.38095238095238,437.606837606838,5.1037851037851,2012-05-31T20:19:00.000+0200
24.83,43.49974,1.45909645909646,2.1001221001221,437.118437118437,5.09157509157509,2012-05-31T20:18:00.000+0200
24.83,43.49974,1.45299145299145,1.92918192918193,436.630036630037,5.1037851037851,2012-05-31T20:17:00.000+0200
24.82,43.5318796,1.44688644688645,1.45299145299145,434.676434676435,5.09157509157509,2012-05-31T20:16:00.000+0200
24.81,43.4974792,1.45909645909646,1.99023199023199,434.676434676435,5.1037851037851,2012-05-31T20:15:00.000+0200
24.81,43.4974792,1.45909645909646,1.48351648351648,434.676434676435,5.1037851037851,2012-05-31T20:14:00.000+0200
24.8,43.4963488,1.5018315018315,2.23443223443223,435.653235653236,5.1037851037851,2012-05-31T20:13:00.000+0200
24.79,43.4952184,1.47130647130647,2.38095238095238,436.630036630037,5.1037851037851,2012-05-31T20:12:00.000+0200
24.8,43.4963488,1.53846153846154,2.22832722832723,434.676434676435,5.1037851037851,2012-05-31T20:11:00.000+0200
24.78,43.5273548,1.48351648351648,2.11233211233211,435.164835164835,5.1037851037851,2012-05-31T20:10:00.000+0200
24.78,43.494088,1.48962148962149,2.14896214896215,435.653235653236,5.1037851037851,2012-05-31T20:09:00.000+0200
24.8,43.4963488,1.48962148962149,2.05738705738706,435.653235653236,5.1037851037851,2012-05-31T20:08:00.000+0200
24.8,43.4963488,1.50793650793651,1.84371184371184,435.653235653236,5.1037851037851,2012-05-31T20:07:00.000+0200
24.78,43.494088,1.51404151404151,1.86813186813187,435.164835164835,5.1037851037851,2012-05-31T20:06:00.000+0200
24.77,43.4929576,1.52625152625153,2.13675213675214,434.676434676435,5.1037851037851,2012-05-31T20:05:00.000+0200
24.75,43.4906968,1.46520146520147,2.64957264957265,436.630036630037,5.1037851037851,2012-05-31T20:04:00.000+0200
24.72,43.4873056,1.45909645909646,2.51526251526252,436.630036630037,5.1037851037851,2012-05-31T20:03:00.000+0200
24.72,43.4873056,1.47741147741148,2.25885225885226,434.676434676435,5.1037851037851,2012-05-31T20:02:00.000+0200
24.69,43.4839144,1.47130647130647,1.84371184371184,436.630036630037,5.1037851037851,2012-05-31T20:01:00.000+0200
24.69,43.550428,1.52014652014652,2.05128205128205,440.537240537241,5.1037851037851,2012-05-31T20:00:00.000+0200
24.67,43.548164,1.47741147741148,1.26984126984127,440.537240537241,5.1037851037851,2012-05-31T19:59:00.000+0200
24.65,43.6123848,1.48351648351648,2.41758241758242,441.514041514042,5.11599511599512,2012-05-31T19:58:00.000+0200
24.61,43.6078504,1.48962148962149,2.08791208791209,444.444444444444,5.1037851037851,2012-05-31T19:57:00.000+0200
24.61,43.6078504,1.5018315018315,1.75824175824176,443.467643467643,5.1037851037851,2012-05-31T19:56:00.000+0200
24.58,43.6044496,1.5018315018315,1.74603174603175,442.490842490843,5.1037851037851,2012-05-31T19:55:00.000+0200
24.54,43.66636,1.50793650793651,1.6971916971917,442.490842490843,5.15262515262515,2012-05-31T19:54:00.000+0200
24.52,43.6640896,1.52625152625153,2.31379731379731,444.444444444444,5.11599511599512,2012-05-31T19:53:00.000+0200
24.48,43.6595488,1.50793650793651,1.78266178266178,446.886446886447,5.11599511599512,2012-05-31T19:52:00.000+0200
24.46,43.6572784,1.54456654456654,1.81929181929182,450.30525030525,5.12820512820513,2012-05-31T19:51:00.000+0200
24.44,43.655008,1.12942612942613,2.21001221001221,450.793650793651,5.11599511599512,2012-05-31T19:50:00.000+0200
24.42,43.6527376,1.47741147741148,2.41758241758242,449.328449328449,5.14041514041514,2012-05-31T19:49:00.000+0200
24.4,43.68367,1.48962148962149,2.26495726495726,446.398046398046,5.12820512820513,2012-05-31T19:48:00.000+0200
24.38,43.681398,1.48962148962149,2.38705738705739,440.537240537241,5.12820512820513,2012-05-31T19:47:00.000+0200
24.36,43.679126,1.4957264957265,2.25885225885226,436.630036630037,5.1037851037851,2012-05-31T19:46:00.000+0200
24.34,43.7100464,1.5018315018315,1.97802197802198,434.676434676435,5.12820512820513,2012-05-31T19:45:00.000+0200
24.33,43.7420956,1.48962148962149,2.41758241758242,432.722832722833,5.12820512820513,2012-05-31T19:44:00.000+0200
24.32,43.7741376,1.50793650793651,2.6007326007326,434.676434676435,5.12820512820513,2012-05-31T19:43:00.000+0200
24.28,43.769584,1.36141636141636,3.04029304029304,434.676434676435,5.12820512820513,2012-05-31T19:42:00.000+0200
24.27,43.8016156,1.45909645909646,2.17338217338217,432.722832722833,5.12820512820513,2012-05-31T19:41:00.000+0200
24.26,43.83364,1.51404151404151,1.67277167277167,432.722832722833,5.15262515262515,2012-05-31T19:40:00.000+0200
24.26,43.83364,1.51404151404151,2.07570207570208,432.722832722833,5.12820512820513,2012-05-31T19:39:00.000+0200
24.26,43.83364,1.5018315018315,1.64224664224664,432.722832722833,5.12820512820513,2012-05-31T19:38:00.000+0200
24.24,43.83136,1.53235653235653,1.89255189255189,431.746031746032,5.12820512820513,2012-05-31T19:37:00.000+0200
24.25,43.8325,1.55067155067155,2.21001221001221,430.769230769231,5.12820512820513,2012-05-31T19:36:00.000+0200
24.25,43.8325,1.55677655677656,1.65445665445665,433.211233211233,5.15262515262515,2012-05-31T19:35:00.000+0200
24.25,43.8325,null,null,434.676434676435,null,2012-05-31T19:34:00.000+0200
24.26,43.83364,1.4957264957265,2.06349206349206,432.722832722833,5.11599511599512,2012-05-31T19:33:00.000+0200
24.27,43.8016156,1.5018315018315,2.07570207570208,434.676434676435,5.12820512820513,2012-05-31T19:32:00.000+0200
24.28,43.769584,1.51404151404151,1.72771672771673,436.630036630037,5.12820512820513,2012-05-31T19:31:00.000+0200
24.3,43.8382,1.50793650793651,1.62393162393162,438.583638583639,5.1037851037851,2012-05-31T19:30:00.000+0200
24.29,43.83706,1.51404151404151,2.84493284493284,438.583638583639,5.11599511599512,2012-05-31T19:29:00.000+0200
24.29,43.83706,1.50793650793651,2.19169719169719,438.583638583639,5.11599511599512,2012-05-31T19:28:00.000+0200
24.29,43.83706,1.52014652014652,2.06959706959707,440.537240537241,5.12820512820513,2012-05-31T19:27:00.000+0200
24.28,43.9022336,1.52014652014652,1.99023199023199,439.56043956044,5.12820512820513,2012-05-31T19:26:00.000+0200
24.27,43.901092,1.53235653235653,2.07570207570208,442.490842490843,5.12820512820513,2012-05-31T19:25:00.000+0200
24.24,43.9308124,1.54456654456654,1.99023199023199,442.490842490843,5.12820512820513,2012-05-31T19:24:00.000+0200
24.21,44.02678,1.54456654456654,2.15506715506715,446.398046398046,5.11599511599512,2012-05-31T19:23:00.000+0200
24.17,44.0884296,1.57509157509158,2.62515262515263,447.374847374847,5.12820512820513,2012-05-31T19:22:00.000+0200
24.12,44.148896,1.58119658119658,2.1978021978022,444.444444444444,5.12820512820513,2012-05-31T19:21:00.000+0200
24.05,44.2070248,1.51404151404151,2.34432234432234,440.537240537241,5.14041514041514,2012-05-31T19:20:00.000+0200
23.98,44.298166,1.52625152625153,1.84371184371184,438.583638583639,5.15262515262515,2012-05-31T19:19:00.000+0200
23.89,44.3869144,1.52625152625153,2.85103785103785,442.490842490843,5.15262515262515,2012-05-31T19:18:00.000+0200
23.78,44.60523,1.53846153846154,2.47863247863248,444.444444444444,5.16483516483517,2012-05-31T19:17:00.000+0200
23.66,44.7231564,1.52625152625153,2.32600732600733,438.583638583639,5.16483516483517,2012-05-31T19:16:00.000+0200
23.55,44.7433,1.55067155067155,2.08791208791209,435.653235653236,5.17704517704518,2012-05-31T19:15:00.000+0200
23.44,44.730496,1.55677655677656,2.56410256410256,436.630036630037,5.2014652014652,2012-05-31T19:14:00.000+0200
23.35,44.8516552,1.56288156288156,2.71062271062271,436.630036630037,5.2014652014652,2012-05-31T19:13:00.000+0200
23.27,44.940966,1.56288156288156,2.58852258852259,430.769230769231,5.2014652014652,2012-05-31T19:12:00.000+0200
23.22,44.8364816,1.57509157509158,3.11355311355311,434.676434676435,5.21367521367521,2012-05-31T19:11:00.000+0200
23.16,44.9609632,1.58119658119658,1.94139194139194,432.722832722833,5.2014652014652,2012-05-31T19:10:00.000+0200
23.14,44.9586224,1.58119658119658,2.13675213675214,433.211233211233,5.2014652014652,2012-05-31T19:09:00.000+0200
23.12,44.9891356,1.58730158730159,2.55799755799756,434.676434676435,5.21367521367521,2012-05-31T19:08:00.000+0200
23.12,45.021984,1.58119658119658,2.47863247863248,433.699633699634,5.21367521367521,2012-05-31T19:07:00.000+0200
23.09,45.0513084,1.5995115995116,2.47863247863248,432.722832722833,5.21367521367521,2012-05-31T19:06:00.000+0200
23.07,45.1146236,1.5995115995116,1.79487179487179,434.676434676435,5.21367521367521,2012-05-31T19:05:00.000+0200
23.07,45.2130728,1.51404151404151,2.24053724053724,435.653235653236,5.2014652014652,2012-05-31T19:04:00.000+0200
23.08,45.279856,1.51404151404151,1.78876678876679,438.583638583639,5.21367521367521,2012-05-31T19:03:00.000+0200
23.06,45.2774992,1.51404151404151,1.85592185592186,436.630036630037,5.21367521367521,2012-05-31T19:02:00.000+0200
23.08,45.34544,1.5018315018315,2.2039072039072,435.164835164835,5.2014652014652,2012-05-31T19:01:00.000+0200
23.08,45.3126508,1.51404151404151,2.03907203907204,430.769230769231,5.2014652014652,2012-05-31T19:00:00.000+0200
23.11,45.4145464,1.51404151404151,1.82539682539683,426.862026862027,5.2014652014652,2012-05-31T18:59:00.000+0200
23.13,45.449686,1.51404151404151,1.35531135531136,428.815628815629,5.2014652014652,2012-05-31T18:58:00.000+0200
23.15,45.5503512,1.50793650793651,1.61172161172161,427.838827838828,5.2014652014652,2012-05-31T18:57:00.000+0200
23.21,45.721206,1.50793650793651,1.96581196581197,427.838827838828,5.2014652014652,2012-05-31T18:56:00.000+0200
23.3,45.69916,1.51404151404151,2.02686202686203,430.769230769231,5.17704517704518,2012-05-31T18:55:00.000+0200
23.39,45.51322,1.42857142857143,2.40537240537241,426.862026862027,5.16483516483517,2012-05-31T18:54:00.000+0200
23.47,45.063004,1.51404151404151,1.60561660561661,426.862026862027,5.17704517704518,2012-05-31T18:53:00.000+0200
23.56,45.0406684,1.51404151404151,1.69108669108669,429.79242979243,5.15262515262515,2012-05-31T18:52:00.000+0200
23.7,45.0570652,1.52014652014652,1.20879120879121,429.304029304029,5.15262515262515,2012-05-31T18:51:00.000+0200
23.87,45.2414616,1.44688644688645,2.13675213675214,430.769230769231,5.12820512820513,2012-05-31T18:50:00.000+0200
24.09,45.2015032,1.44688644688645,1.8986568986569,437.118437118437,5.11599511599512,2012-05-31T18:49:00.000+0200
24.28,44.431936,1.42857142857143,1.25763125763126,438.583638583639,5.11599511599512,2012-05-31T18:48:00.000+0200
24.45,43.7225512,1.36752136752137,1.91697191697192,438.583638583639,5.1037851037851,2012-05-31T18:47:00.000+0200
24.54,43.2673552,1.45299145299145,2.11233211233211,433.699633699634,5.1037851037851,2012-05-31T18:46:00.000+0200
24.62,43.2430668,1.45299145299145,1.62393162393162,437.118437118437,5.1037851037851,2012-05-31T18:45:00.000+0200
24.68,43.149888,1.45909645909646,2.11233211233211,440.537240537241,5.07936507936508,2012-05-31T18:44:00.000+0200
24.8,43.1633568,1.46520146520147,1.87423687423687,446.398046398046,5.07936507936508,2012-05-31T18:43:00.000+0200
24.96,43.0145452,1.47130647130647,1.82539682539683,440.537240537241,5.06715506715507,2012-05-31T18:42:00.000+0200
25.08,42.6604736,1.47741147741148,1.9047619047619,440.537240537241,5.05494505494505,2012-05-31T18:41:00.000+0200
25.21,42.5075804,1.48962148962149,1.91697191697192,448.351648351648,5.05494505494505,2012-05-31T18:40:00.000+0200
25.34,42.421464,1.5018315018315,1.33699633699634,446.886446886447,5.01831501831502,2012-05-31T18:39:00.000+0200
25.44,42.2313184,1.51404151404151,1.45299145299145,448.351648351648,5.05494505494505,2012-05-31T18:38:00.000+0200
25.51,42.3061,1.53846153846154,1.51404151404151,450.30525030525,5.05494505494505,2012-05-31T18:37:00.000+0200
25.52,42.4077996,1.55067155067155,1.42857142857143,452.258852258852,5.06715506715507,2012-05-31T18:36:00.000+0200
25.48,42.570928,1.56898656898657,1.33699633699634,446.398046398046,5.06715506715507,2012-05-31T18:35:00.000+0200
25.38,42.727222,1.44688644688645,1.53235653235653,441.514041514042,5.07936507936508,2012-05-31T18:34:00.000+0200
25.24,42.9790684,1.45299145299145,1.96581196581197,443.467643467643,5.06715506715507,2012-05-31T18:33:00.000+0200
25.07,43.260348,1.45299145299145,1.05616605616606,444.932844932845,5.1037851037851,2012-05-31T18:32:00.000+0200
24.89,43.573068,1.44688644688645,2.05128205128205,446.398046398046,5.1037851037851,2012-05-31T18:31:00.000+0200
24.66,43.746424,1.45909645909646,1.43467643467643,446.398046398046,5.11599511599512,2012-05-31T18:30:00.000+0200
24.52,43.7969056,1.46520146520147,2.12454212454212,446.398046398046,5.1037851037851,2012-05-31T18:29:00.000+0200
24.45,43.7557468,1.44688644688645,1.97802197802198,443.467643467643,5.11599511599512,2012-05-31T18:28:00.000+0200
24.44,43.7877984,1.47741147741148,2.33211233211233,444.932844932845,5.11599511599512,2012-05-31T18:27:00.000+0200
24.44,43.7214144,1.48962148962149,2.03907203907204,440.537240537241,5.11599511599512,2012-05-31T18:26:00.000+0200
24.5,43.6618192,1.47741147741148,1.5995115995116,436.630036630037,5.1037851037851,2012-05-31T18:25:00.000+0200
24.58,43.6044496,1.47741147741148,2.28327228327228,440.537240537241,5.1037851037851,2012-05-31T18:24:00.000+0200
24.67,43.614652,1.48962148962149,1.72161172161172,442.979242979243,5.09157509157509,2012-05-31T18:23:00.000+0200
24.73,43.6214536,1.48962148962149,1.25763125763126,440.537240537241,5.07936507936508,2012-05-31T18:22:00.000+0200
24.84,43.5008704,1.5018315018315,1.88034188034188,438.583638583639,5.06715506715507,2012-05-31T18:21:00.000+0200
24.97,43.3823816,1.65445665445665,2.57631257631258,440.537240537241,5.05494505494505,2012-05-31T18:20:00.000+0200
25.14,43.268216,1.37362637362637,1.94139194139194,440.537240537241,5.03052503052503,2012-05-31T18:19:00.000+0200
25.27,43.2161096,1.36141636141636,1.26984126984127,439.56043956044,5.03052503052503,2012-05-31T18:18:00.000+0200
25.38,43.295192,1.34310134310134,1.85592185592186,438.583638583639,5.01831501831502,2012-05-31T18:17:00.000+0200
25.51,43.0760572,1.36752136752137,1.48351648351648,432.722832722833,5.00610500610501,2012-05-31T18:16:00.000+0200
25.6,43.0192732,1.36752136752137,1.18437118437118,432.722832722833,5.00610500610501,2012-05-31T18:15:00.000+0200
25.73,42.8999836,1.37973137973138,1.43467643467643,436.630036630037,5.00610500610501,2012-05-31T18:14:00.000+0200
25.85,42.84639,1.37973137973138,1.22100122100122,437.606837606838,4.98168498168498,2012-05-31T18:13:00.000+0200
25.93,42.8887736,1.4041514041514,1.57509157509158,440.537240537241,4.98168498168498,2012-05-31T18:12:00.000+0200
26.08,42.9054656,1.4041514041514,1.41025641025641,440.537240537241,4.98168498168498,2012-05-31T18:11:00.000+0200
26.1,42.6059788,1.41025641025641,1.22710622710623,442.490842490843,5.00610500610501,2012-05-31T18:10:00.000+0200
26.02,42.764776,1.43467643467643,1.41636141636142,434.676434676435,5.00610500610501,2012-05-31T18:09:00.000+0200
25.89,42.9512744,1.43467643467643,1.16605616605617,430.769230769231,5.03052503052503,2012-05-31T18:08:00.000+0200
25.78,43.1396848,1.48351648351648,1.5995115995116,432.722832722833,5.01831501831502,2012-05-31T18:07:00.000+0200
25.66,43.2932764,1.43467643467643,2.16117216117216,431.746031746032,5.03052503052503,2012-05-31T18:06:00.000+0200
25.59,43.3855432,1.45909645909646,1.01953601953602,434.676434676435,5.03052503052503,2012-05-31T18:05:00.000+0200
25.58,43.484494,1.37973137973138,0.842490842490842,430.769230769231,5.01831501831502,2012-05-31T18:04:00.000+0200
25.64,43.324416,1.35531135531136,0.94017094017094,431.746031746032,5.00610500610501,2012-05-31T18:03:00.000+0200
25.74,43.802584,1.35531135531136,0.836385836385836,432.722832722833,5.00610500610501,2012-05-31T18:02:00.000+0200
25.82,42.9769356,1.29426129426129,0.824175824175824,435.653235653236,5.00610500610501,2012-05-31T18:01:00.000+0200
25.9,42.8184592,1.37362637362637,0.83028083028083,435.653235653236,5.00610500610501,2012-05-31T18:00:00.000+0200
25.94,42.6218224,1.36752136752137,0.854700854700855,439.072039072039,5.00610500610501,2012-05-31T17:59:00.000+0200
25.95,42.5558552,1.37973137973138,1.1965811965812,442.490842490843,5.00610500610501,2012-05-31T17:58:00.000+0200
25.98,42.45851,1.36752136752137,1.43467643467643,442.490842490843,5.00610500610501,2012-05-31T17:57:00.000+0200
25.97,42.591606,1.37973137973138,0.14041514041514,448.351648351648,4.98168498168498,2012-05-31T17:56:00.000+0200
26.02,42.3622,1.3980463980464,1.53846153846154,454.212454212454,4.98168498168498,2012-05-31T17:55:00.000+0200
26.13,42.307108,1.39194139194139,0.982905982905983,463.003663003663,4.98168498168498,2012-05-31T17:54:00.000+0200
26.21,42.215046,1.39194139194139,1.14163614163614,469.84126984127,4.96947496947497,2012-05-31T17:53:00.000+0200
26.28,42.054496,1.41636141636142,1.53846153846154,473.748473748474,4.95726495726496,2012-05-31T17:52:00.000+0200
26.38,41.998072,1.42246642246642,1.13553113553114,485.470085470085,4.98168498168498,2012-05-31T17:51:00.000+0200
26.48,41.840478,1.34310134310134,0.793650793650794,465.934065934066,4.95726495726496,2012-05-31T17:50:00.000+0200
26.55,41.6794168,1.33699633699634,1.01343101343101,462.026862026862,4.99389499389499,2012-05-31T17:49:00.000+0200
26.58,41.8176176,1.39194139194139,0.824175824175824,461.050061050061,4.96947496947497,2012-05-31T17:48:00.000+0200
26.52,42.0470236,1.35531135531136,0.57997557997558,458.119658119658,4.98168498168498,2012-05-31T17:47:00.000+0200
26.41,42.2033224,1.37362637362637,0.824175824175824,452.258852258852,5.00610500610501,2012-05-31T17:46:00.000+0200
26.3,42.4266012,1.37973137973138,1.02564102564103,446.398046398046,5.00610500610501,2012-05-31T17:45:00.000+0200
26.12,42.6752796,1.4041514041514,1.13553113553114,448.351648351648,5.01831501831502,2012-05-31T17:44:00.000+0200
25.93,43.022668,1.39194139194139,1.48351648351648,454.212454212454,5.03052503052503,2012-05-31T17:43:00.000+0200
25.7,43.33116,1.37973137973138,1.46520146520147,456.166056166056,5.03052503052503,2012-05-31T17:42:00.000+0200
25.51,43.4432504,1.4041514041514,1.21489621489621,450.30525030525,5.03052503052503,2012-05-31T17:41:00.000+0200
25.43,43.3341756,1.41025641025641,1.18437118437118,446.398046398046,5.01831501831502,2012-05-31T17:40:00.000+0200
25.42,43.366408,1.4041514041514,1.86813186813187,446.398046398046,5.03052503052503,2012-05-31T17:39:00.000+0200
25.43,43.3675336,1.41025641025641,1.80708180708181,444.444444444444,5.03052503052503,2012-05-31T17:38:00.000+0200
25.46,43.33755,1.42246642246642,1.28815628815629,442.490842490843,5.03052503052503,2012-05-31T17:37:00.000+0200
25.52,43.2441696,1.42857142857143,0.653235653235653,442.490842490843,5.01831501831502,2012-05-31T17:36:00.000+0200
25.62,43.15519,1.44078144078144,0.616605616605617,446.398046398046,5.00610500610501,2012-05-31T17:35:00.000+0200
25.7,43.2643728,1.34310134310134,1.19047619047619,446.398046398046,4.98168498168498,2012-05-31T17:34:00.000+0200
25.73,43.2009256,1.33699633699634,0.848595848595849,449.328449328449,5.00610500610501,2012-05-31T17:33:00.000+0200
25.75,43.2031672,1.33089133089133,1.24542124542125,446.398046398046,4.98168498168498,2012-05-31T17:32:00.000+0200
25.87,43.1497576,1.41025641025641,0.72039072039072,446.886446886447,4.96947496947497,2012-05-31T17:31:00.000+0200
25.96,43.0929344,1.33699633699634,0.00610500610500611,450.30525030525,4.95726495726496,2012-05-31T17:30:00.000+0200
26.08,43.039408,1.32478632478632,0.805860805860806,448.351648351648,4.95726495726496,2012-05-31T17:29:00.000+0200
26.17,42.9824776,1.31868131868132,0.293040293040293,448.351648351648,4.95726495726496,2012-05-31T17:28:00.000+0200
26.25,42.9578908,1.4041514041514,0.732600732600733,446.398046398046,4.93284493284493,2012-05-31T17:27:00.000+0200
26.34,42.900878,1.23931623931624,0.897435897435897,443.467643467643,4.92063492063492,2012-05-31T17:26:00.000+0200
26.4,42.8069408,1.36141636141636,1.17216117216117,446.886446886447,4.90842490842491,2012-05-31T17:25:00.000+0200
26.55,42.75646,1.36752136752137,1.03174603174603,444.444444444444,4.90842490842491,2012-05-31T17:24:00.000+0200
26.63,42.933126,1.4041514041514,1.15995115995116,445.421245421245,4.8962148962149,2012-05-31T17:23:00.000+0200
26.71,43.0426552,1.42246642246642,1.01953601953602,444.444444444444,4.8962148962149,2012-05-31T17:22:00.000+0200
26.74,42.9789104,1.45299145299145,1.05616605616606,436.630036630037,4.92063492063492,2012-05-31T17:21:00.000+0200
26.62,43.0326256,1.36752136752137,0.616605616605617,432.722832722833,4.95726495726496,2012-05-31T17:20:00.000+0200
26.34,43.5033884,1.37973137973138,0.36019536019536,431.257631257631,4.95726495726496,2012-05-31T17:19:00.000+0200
26.04,43.83664,1.4041514041514,0.714285714285714,432.722832722833,5.00610500610501,2012-05-31T17:18:00.000+0200
25.67,44.2603896,1.41636141636142,0.72039072039072,434.676434676435,5.04273504273504,2012-05-31T17:17:00.000+0200
25.34,44.5543024,1.41636141636142,1.05616605616606,429.304029304029,5.05494505494505,2012-05-31T17:16:00.000+0200
25.1,44.6921628,1.42857142857143,1.51404151404151,430.769230769231,5.07936507936508,2012-05-31T17:15:00.000+0200
24.86,44.6974384,1.39194139194139,1.91697191697192,430.769230769231,5.07936507936508,2012-05-31T17:14:00.000+0200
24.78,44.7873436,1.41636141636142,1.53846153846154,430.769230769231,5.01831501831502,2012-05-31T17:13:00.000+0200
24.82,44.7589328,1.4041514041514,0.989010989010989,429.304029304029,5.06715506715507,2012-05-31T17:12:00.000+0200
24.87,45.1611016,1.42857142857143,0.989010989010989,428.815628815629,5.05494505494505,2012-05-31T17:11:00.000+0200
25.0,44.7136672,1.42857142857143,0.0854700854700855,432.722832722833,5.05494505494505,2012-05-31T17:10:00.000+0200
25.14,44.5312144,1.44078144078144,1.06227106227106,438.583638583639,5.05494505494505,2012-05-31T17:09:00.000+0200
25.25,43.78023,1.45909645909646,1.0989010989011,442.979242979243,5.05494505494505,2012-05-31T17:08:00.000+0200
25.25,43.5139068,1.45909645909646,1.36752136752137,444.444444444444,5.03052503052503,2012-05-31T17:07:00.000+0200
25.28,43.5839148,1.48962148962149,1.55067155067155,450.793650793651,5.03052503052503,2012-05-31T17:06:00.000+0200
25.3,43.5861772,1.4957264957265,1.4041514041514,450.30525030525,5.05494505494505,2012-05-31T17:05:00.000+0200
25.33,43.4229608,1.38583638583639,1.81929181929182,449.328449328449,5.03052503052503,2012-05-31T17:04:00.000+0200
25.4,43.2307008,1.36752136752137,1.33699633699634,448.351648351648,5.01831501831502,2012-05-31T17:03:00.000+0200
25.47,43.305308,1.38583638583639,1.07448107448107,454.212454212454,5.00610500610501,2012-05-31T17:02:00.000+0200
25.52,43.2441696,1.37973137973138,1.34310134310134,452.258852258852,5.00610500610501,2012-05-31T17:01:00.000+0200
25.58,43.250904,1.3980463980464,1.35531135531136,452.258852258852,5.00610500610501,2012-05-31T17:00:00.000+0200
25.65,43.2253628,1.4041514041514,1.20879120879121,452.747252747253,5.00610500610501,2012-05-31T16:59:00.000+0200
25.67,43.1942008,1.41636141636142,0.94017094017094,450.30525030525,5.00610500610501,2012-05-31T16:58:00.000+0200
25.64,43.457904,1.42246642246642,1.25763125763126,450.30525030525,5.00610500610501,2012-05-31T16:57:00.000+0200
25.57,43.5833896,1.48962148962149,1.22100122100122,457.142857142857,5.03052503052503,2012-05-31T16:56:00.000+0200
25.44,43.8683692,1.35531135531136,1.28205128205128,460.07326007326,5.00610500610501,2012-05-31T16:55:00.000+0200
25.27,44.181334,1.47741147741148,1.8009768009768,456.166056166056,5.05494505494505,2012-05-31T16:54:00.000+0200
25.09,44.3597404,1.48962148962149,1.39194139194139,452.258852258852,5.05494505494505,2012-05-31T16:53:00.000+0200
24.91,44.5046632,1.4957264957265,1.64835164835165,454.212454212454,5.06715506715507,2012-05-31T16:52:00.000+0200
24.76,44.6197024,1.45909645909646,1.89255189255189,450.30525030525,5.07936507936508,2012-05-31T16:51:00.000+0200
24.6,44.70035,1.43467643467643,1.2026862026862,444.444444444444,5.07936507936508,2012-05-31T16:50:00.000+0200
24.49,44.7866824,1.45299145299145,1.16605616605617,442.490842490843,5.1037851037851,2012-05-31T16:49:00.000+0200
24.42,44.9435596,1.45909645909646,0.897435897435897,440.537240537241,5.11599511599512,2012-05-31T16:48:00.000+0200
24.32,44.8659228,1.45909645909646,1.96581196581197,438.583638583639,5.11599511599512,2012-05-31T16:47:00.000+0200
24.24,44.823616,1.45299145299145,1.97802197802198,444.444444444444,5.11599511599512,2012-05-31T16:46:00.000+0200
24.2,44.98383,1.47741147741148,2.08791208791209,449.328449328449,5.11599511599512,2012-05-31T16:45:00.000+0200
24.15,45.1097692,1.45299145299145,1.52625152625153,446.398046398046,5.12820512820513,2012-05-31T16:44:00.000+0200
24.09,45.0368732,1.46520146520147,1.77045177045177,449.328449328449,5.11599511599512,2012-05-31T16:43:00.000+0200
24.07,45.133324,1.46520146520147,1.74603174603175,446.398046398046,5.11599511599512,2012-05-31T16:42:00.000+0200
24.06,45.132152,1.47741147741148,2.11843711843712,445.421245421245,5.1037851037851,2012-05-31T16:41:00.000+0200
24.08,45.2661408,1.48351648351648,1.57509157509158,448.351648351648,5.11599511599512,2012-05-31T16:40:00.000+0200
24.1,45.4000528,1.48351648351648,2.02686202686203,450.793650793651,5.11599511599512,2012-05-31T16:39:00.000+0200
24.11,45.4012312,1.4957264957265,2.002442002442,450.793650793651,5.1037851037851,2012-05-31T16:38:00.000+0200
24.1,45.3671708,1.48962148962149,2.62515262515263,435.164835164835,5.1037851037851,2012-05-31T16:37:00.000+0200
24.12,45.4024096,1.5018315018315,1.56288156288156,430.769230769231,5.1037851037851,2012-05-31T16:36:00.000+0200
24.18,45.40948,1.51404151404151,1.69108669108669,434.676434676435,5.09157509157509,2012-05-31T16:35:00.000+0200
24.24,45.449438,1.45299145299145,1.83150183150183,432.722832722833,5.07936507936508,2012-05-31T16:34:00.000+0200
24.3,45.7194508,1.44688644688645,1.33089133089133,436.630036630037,5.07936507936508,2012-05-31T16:33:00.000+0200
24.4,45.6327232,1.39194139194139,1.5995115995116,442.490842490843,5.07936507936508,2012-05-31T16:32:00.000+0200
24.38,45.4659468,1.47741147741148,1.69108669108669,448.351648351648,5.1037851037851,2012-05-31T16:31:00.000+0200
24.28,45.1249948,1.4957264957265,1.48962148962149,454.212454212454,5.12820512820513,2012-05-31T16:30:00.000+0200
24.15,45.4059448,1.4957264957265,1.77045177045177,442.979242979243,5.11599511599512,2012-05-31T16:29:00.000+0200
23.98,45.4187788,1.51404151404151,1.43467643467643,431.746031746032,5.14041514041514,2012-05-31T16:28:00.000+0200
23.85,45.5676472,1.52014652014652,1.41025641025641,424.908424908425,5.15262515262515,2012-05-31T16:27:00.000+0200
23.69,45.745492,1.55067155067155,1.94139194139194,424.908424908425,5.15262515262515,2012-05-31T16:26:00.000+0200
23.55,45.7943848,1.53235653235653,1.99023199023199,423.931623931624,5.16483516483517,2012-05-31T16:25:00.000+0200
23.5,45.8539312,1.45909645909646,1.67277167277167,428.815628815629,5.16483516483517,2012-05-31T16:24:00.000+0200
23.5,45.9194032,1.55067155067155,2.17338217338217,426.862026862027,5.15262515262515,2012-05-31T16:23:00.000+0200
23.51,45.920596,1.53846153846154,1.30647130647131,432.722832722833,5.15262515262515,2012-05-31T16:22:00.000+0200
23.62,45.9337168,1.56288156288156,2.18559218559219,430.769230769231,5.12820512820513,2012-05-31T16:21:00.000+0200
23.83,46.2860536,1.50793650793651,1.6971916971917,431.257631257631,5.12820512820513,2012-05-31T16:20:00.000+0200
24.06,45.9862,1.47130647130647,1.26984126984127,435.653235653236,5.11599511599512,2012-05-31T16:19:00.000+0200
24.18,45.310798,1.45909645909646,1.92918192918193,440.537240537241,5.11599511599512,2012-05-31T16:18:00.000+0200
24.23,44.921398,1.46520146520147,1.1965811965812,440.537240537241,5.09157509157509,2012-05-31T16:17:00.000+0200
24.21,44.820124,1.44078144078144,1.62393162393162,438.583638583639,5.11599511599512,2012-05-31T16:16:00.000+0200
24.24,44.823616,1.35531135531136,1.43467643467643,443.467643467643,5.1037851037851,2012-05-31T16:15:00.000+0200
24.28,44.8942496,1.42857142857143,2.06959706959707,449.328449328449,5.1037851037851,2012-05-31T16:14:00.000+0200
24.31,45.19439,1.47741147741148,1.72161172161172,454.700854700855,5.11599511599512,2012-05-31T16:13:00.000+0200
24.34,45.2308432,1.48962148962149,1.6971916971917,458.119658119658,5.07936507936508,2012-05-31T16:12:00.000+0200
24.34,45.0990704,1.44078144078144,1.78266178266178,452.258852258852,5.17704517704518,2012-05-31T16:11:00.000+0200
24.33,44.9660408,1.5018315018315,1.1050061050061,450.30525030525,5.1037851037851,2012-05-31T16:10:00.000+0200
24.35,45.0343192,1.50793650793651,1.48351648351648,454.212454212454,5.11599511599512,2012-05-31T16:09:00.000+0200
24.33,45.0979,1.52625152625153,1.66666666666667,459.096459096459,5.1037851037851,2012-05-31T16:08:00.000+0200
24.33,45.163796,1.53235653235653,1.63003663003663,460.07326007326,5.1037851037851,2012-05-31T16:07:00.000+0200
24.32,45.228496,1.52625152625153,1.44078144078144,460.07326007326,5.11599511599512,2012-05-31T16:06:00.000+0200
24.26,45.3860124,1.56288156288156,1.72161172161172,462.026862026862,5.11599511599512,2012-05-31T16:05:00.000+0200
24.18,45.6066928,1.48351648351648,1.73382173382173,473.748473748474,5.12820512820513,2012-05-31T16:04:00.000+0200
24.08,45.726192,1.47741147741148,1.92307692307692,468.864468864469,5.12820512820513,2012-05-31T16:03:00.000+0200
23.99,45.748326,1.47741147741148,1.89255189255189,461.050061050061,5.14041514041514,2012-05-31T16:02:00.000+0200
23.96,45.941502,1.48351648351648,1.88644688644689,452.258852258852,5.15262515262515,2012-05-31T16:01:00.000+0200
23.92,45.9695008,1.48962148962149,1.25763125763126,454.700854700855,5.15262515262515,2012-05-31T16:00:00.000+0200
23.9,46.0326288,1.4957264957265,1.67277167277167,459.096459096459,5.15262515262515,2012-05-31T15:59:00.000+0200
23.86,46.093336,1.5018315018315,2.37484737484737,452.747252747253,5.15262515262515,2012-05-31T15:58:00.000+0200
23.84,46.0254624,1.50793650793651,2.35653235653236,444.444444444444,5.15262515262515,2012-05-31T15:57:00.000+0200
23.84,45.9599584,1.51404151404151,2.38095238095238,444.444444444444,5.15262515262515,2012-05-31T15:56:00.000+0200
23.87,46.159996,1.52625152625153,1.45299145299145,446.398046398046,5.15262515262515,2012-05-31T15:55:00.000+0200
23.81,46.283652,1.52625152625153,2.21001221001221,448.351648351648,5.15262515262515,2012-05-31T15:54:00.000+0200
23.72,46.3708956,1.54456654456654,2.15506715506715,452.258852258852,5.16483516483517,2012-05-31T15:53:00.000+0200
23.68,46.5293728,1.55067155067155,2.002442002442,450.30525030525,5.16483516483517,2012-05-31T15:52:00.000+0200
23.65,46.5257512,1.17216117216117,2.38095238095238,450.30525030525,5.15262515262515,2012-05-31T15:51:00.000+0200
23.62,46.5873968,1.48351648351648,1.80708180708181,452.258852258852,5.12820512820513,2012-05-31T15:50:00.000+0200
23.62,46.554766,1.46520146520147,1.80708180708181,450.30525030525,5.15262515262515,2012-05-31T15:49:00.000+0200
23.57,46.450812,1.45909645909646,2.07570207570208,444.444444444444,5.15262515262515,2012-05-31T15:48:00.000+0200
23.55,46.4484008,1.47741147741148,2.13675213675214,436.630036630037,5.16483516483517,2012-05-31T15:47:00.000+0200
23.56,46.547518,1.47741147741148,1.78266178266178,432.722832722833,5.15262515262515,2012-05-31T15:46:00.000+0200
23.57,46.450812,1.45909645909646,2.27106227106227,432.722832722833,5.15262515262515,2012-05-31T15:45:00.000+0200
23.6,46.4544288,1.45299145299145,2.08180708180708,430.769230769231,5.15262515262515,2012-05-31T15:44:00.000+0200
23.66,46.429006,1.45909645909646,2.31990231990232,430.769230769231,5.12820512820513,2012-05-31T15:43:00.000+0200
23.79,46.6079464,1.45299145299145,2.06349206349206,430.769230769231,5.12820512820513,2012-05-31T15:42:00.000+0200
23.88,46.2266368,1.45909645909646,2.55189255189255,431.746031746032,5.12820512820513,2012-05-31T15:41:00.000+0200
