42.158735646,6.775E-5,5.63E-7,42.158667896,5367697.0,1.0,446.420630746,2189005.0,91.590828429,100.0,1630.232730994,6894753.0,7.29E-7,0.0,0.0,3057163.0,25.500355926,0.0,225.31464627364858,361.3146462736486,
40.773924932,4.5527E-5,1.0E-6,40.773879405,5268207.0,2.0,594.360634521,2562240.0,92.827570136,100.0,1739.92563179,6553774.0,1.226E-6,0.0,0.0,3318837.0,26.859198777,0.0,108.16996828979177,244.16996828979177,
23.28920933,6.0647E-5,8.05E-7,23.289148683,24009.0,8.0,209.320038606,852253.0,95.724234891,100.0,321.23655571,714762.0,8.25E-7,0.0,0.0,2304014.0,14.071251325,0.0,-466.94623690527976,0.0,
65.607053329,3.359E-5,3.54E-7,65.607019739,1.3116209E7,3.0,3114.594925268,1.2278255E7,95.257127581,100.0,883.658619978,2976664.0,7.82E-7,0.0,0.0,1.4730932E7,32.331238735,0.0,-14.954440077394793,121.04555992260521,
62.795233964,4.4349E-5,8.59E-7,62.795189615,1.3112576E7,3.0,2960.944653108,1.2277755E7,94.043267983,100.0,700.325220034,2131261.0,8.15E-7,0.0,0.0,1.5259846E7,33.77655796,0.0,-18.27510547229724,117.72489452770276,
22.421700009,3.0571E-5,6.99E-7,22.421669438,2468.0,6.0,0.582106712,2468.0,91.653358053,100.0,647.147555586,1790660.0,7.28E-7,0.0,0.0,571143.0,14.555312622,0.0,678.8647064201141,680.0,
52.505090126,3.5132E-5,7.48E-7,52.505054994,6182134.0,1.0,1230.389848991,5061303.0,90.847696718,100.0,3157.404318148,1.2531056E7,8.08E-7,0.0,0.0,5528226.0,25.787277682,0.0,147.394303237921,419.394303237921,
47.316172411,3.1437E-5,4.57E-7,47.316140974,7062052.0,0.0,725.84373531,2967826.0,91.853638343,100.0,1857.9916884,6964153.0,8.42E-7,0.0,0.0,3260612.0,30.361791152,0.0,494.5261456971318,680.0,
58.196593737,2.1693E-5,9.89E-7,58.196572044,9548423.0,0.0,1094.561651085,4886005.0,89.82115753,100.0,2282.210081115,1.1609703E7,3.12E-7,0.0,0.0,5134794.0,27.976739663,0.0,246.2953511235802,518.2953511235802,
45.428657527,2.0344E-5,3.28E-7,45.428637183,6182134.0,1.0,911.188439225,5056578.0,93.325659576,100.0,2323.369917888,1.2014495E7,5.35E-7,0.0,0.0,5490217.0,27.769533953,0.0,155.40701146205834,427.40701146205834,
79.051718532,1.8037E-5,4.86E-7,79.051700495,1.9277547E7,1.0,3627.723625542,1.846296E7,96.427675637,100.0,1227.864924392,5940684.0,4.9E-7,0.0,0.0,1.8829456E7,37.954994374,0.0,3.6392264072777607,411.6392264072778,
66.39647896,1.5357E-5,2.98E-7,66.396463603,1.3935586E7,1.0,1710.213469909,9535834.0,95.548394853,100.0,580.869316188,2076542.0,4.38E-7,0.0,0.0,1.039529E7,32.54841183,0.0,54.825931046862024,462.8259310468621,
80.131441612,1.9332E-5,7.46E-7,80.13142228,1.8487119E7,1.0,3278.137338508,1.5933729E7,94.660457669,100.0,2019.804819576,1.0302797E7,4.91E-7,0.0,0.0,1.9499321E7,37.357810083,0.0,-92.67194704271765,315.3280529572824,
42.18046135,1.412E-5,4.44E-7,42.18044723,7062052.0,0.0,720.077686976,4051889.0,90.566562517,100.0,1915.212961606,9404863.0,5.46E-7,0.0,0.0,4472819.0,26.257512966,0.0,410.3525255592083,680.0,
58.734357811,1.4019E-5,4.13E-7,58.734343792,1.2332815E7,0.0,1349.968203405,7453129.0,93.618408735,100.0,3214.361306162,1.6774039E7,4.67E-7,0.0,0.0,7871795.0,33.4162583,0.0,105.17886945115754,513.1788694511577,
61.155767137,2.5212E-5,4.19E-7,61.155741925,1.2332815E7,0.0,1658.6899593,9139418.0,92.938974483,100.0,3899.942323232,2.0208216E7,4.48E-7,0.0,0.0,9590445.0,30.534201969,0.0,111.37935884756678,655.3793588475668,
43.299977084,1.7753E-5,3.99E-7,43.299959331,7062052.0,0.0,687.682927548,3698832.0,89.382652395,100.0,1712.892455466,8409925.0,4.11E-7,0.0,0.0,3968240.0,26.352373291,0.0,444.4310602500152,680.0,
41.225627072,1.4757E-5,4.75E-7,41.225612315,7062052.0,0.0,557.354902069,3274553.0,91.466581571,100.0,1685.691912127,8172384.0,4.02E-7,0.0,0.0,3881144.0,28.556876477,0.0,450.36470937003423,680.0,
52.014572913,1.3902E-5,4.33E-7,52.014559011,9548423.0,0.0,1202.56177309,6972872.0,88.491432987,100.0,2878.592151389,1.5358608E7,4.3E-7,0.0,0.0,7152579.0,26.857987218,0.0,250.3518720174186,680.0,
78.473884836,1.6039E-5,5.18E-7,78.473868797,1.9636462E7,1.0,3505.739733622,1.8802124E7,92.383678607,100.0,3291.138094234,1.792756E7,3.96E-7,0.0,0.0,2.255244E7,41.217119689,0.0,-32.37760741863133,511.6223925813687,
60.420850337,2.2361E-5,4.87E-7,60.420827976,1.3021476E7,3.0,0.001424715,0.0,94.756924187,100.0,3875.502053819,2.1211898E7,4.22E-7,0.0,0.0,1.4018266E7,31.225788583,0.0,-613.5631211463789,66.43687885362112,
75.943228182,1.6094E-5,3.39E-7,75.943212088,1.8487119E7,1.0,604.166799748,3276046.0,95.48294911,100.0,1938.489837457,9387506.0,4.54E-7,0.0,0.0,1.9032288E7,35.771976178,0.0,-396.1261775625251,283.8738224374749,
54.242089129,2.3085E-5,4.55E-7,54.242066044,9548423.0,0.0,1549.002364338,8176379.0,94.179771674,100.0,3425.149164915,1.842375E7,3.7E-7,0.0,0.0,8516488.0,32.633866711,0.0,178.04187593305346,680.0,
62.300817778,1.8603E-5,4.92E-7,62.300799175,1889213.0,2.0,238.544982687,1404014.0,89.38789299,100.0,910.046866961,4044811.0,3.22E-7,0.0,0.0,1934065.0,19.162991075,0.0,595.6231397200268,680.0,
30.047058862,1.9548E-5,4.32E-7,30.047039314,1889213.0,2.0,178.651871397,1078555.0,90.806823426,100.0,720.911434968,2905685.0,4.31E-7,0.0,0.0,1309902.0,18.303177988,0.0,636.5460813343109,680.0,
446.924266529,1.4752E-5,3.43E-7,446.924251777,2.2667845E7,0.0,1382.531377181,8146685.0,97.849064114,100.0,3855.370052307,2.0204563E7,4.83E-7,0.0,0.0,2.3917979E7,42.289904077,0.0,-216.33857624475843,599.6614237552416,
85.514380921,2.2908E-5,6.61E-7,85.514358013,2.2667845E7,0.0,1323.53206393,7464148.0,96.678782428,100.0,3334.966435864,1.8311432E7,3.55E-7,0.0,0.0,2.2964513E7,38.353505597,0.0,-289.15259559774677,526.8474044022532,
86.783311995,1.8338E-5,3.65E-7,86.783293657,2.2667845E7,0.0,1659.251365086,9547784.0,91.549446475,100.0,4137.822323286,2.2856094E7,4.18E-7,0.0,0.0,2.4823183E7,41.739605525,0.0,-141.20724658113613,674.7927534188639,
76.693096358,2.5428E-5,4.44E-7,76.69307093,1.9301556E7,1.0,940.203094459,5497901.0,94.680828852,100.0,2589.12460413,1.4173836E7,3.82E-7,0.0,0.0,2.1149938E7,35.263178712,0.0,-408.1044250638177,407.8955749361823,
98.52806707,1.5971E-5,9.13E-7,98.528051099,2.2667845E7,0.0,1540.761866016,9189071.0,92.540685063,100.0,4152.346375202,2.2684631E7,3.97E-7,0.0,0.0,2.4743229E7,39.519359267,0.0,-148.40972552260826,667.5902744773917,
92.911627353,2.4494E-5,4.32E-7,92.911602859,2.2667845E7,0.0,2147.87922273,9550565.0,93.80385803,100.0,5770.685811328,2.2374476E7,4.69E-7,0.0,0.0,2.4902946E7,41.697787921,0.0,-164.9051727068711,680.0,
135.582979639,1.7053E-5,5.44E-7,135.582962586,2.2667845E7,0.0,2197.423960965,9155400.0,101.220161764,100.0,4697.331501232,2.1495889E7,5.06E-7,0.0,0.0,2.4617657E7,40.387573669,0.0,-298.72126069592684,653.278739304073,
75.51483575,1.9097E-5,4.93E-7,75.514816653,1.2332815E7,0.0,1873.075022248,9530458.0,89.431621398,100.0,4437.102804337,2.0742762E7,8.16E-7,0.0,0.0,9870124.0,26.437727716,0.0,112.01720273791,680.0,
34.930711045,2.2338E-5,7.2E-7,34.930688707,2152924.0,2.0,369.95364271,1822468.0,92.674405771,100.0,1190.771866115,5048833.0,5.25E-7,0.0,0.0,2468187.0,21.549674158,0.0,555.5891703400673,680.0,
88.239760583,1.7973E-5,4.23E-7,88.23974261,2.2667845E7,0.0,1580.906525696,8146551.0,95.822722506,100.0,4098.348871228,2.0022874E7,3.87E-7,0.0,0.0,2.3853821E7,38.089471989,0.0,-359.52007345428945,592.4799265457104,
75.339405948,2.2974E-5,7.71E-7,75.339382974,1.9301556E7,1.0,1137.432214197,5499359.0,94.607040927,100.0,2930.292821327,1.4085244E7,5.34E-7,0.0,0.0,2.128219E7,34.568204441,0.0,-672.2163338573177,415.78366614268225,
87.499341248,2.1157E-5,4.32E-7,87.499320091,1.9635813E7,1.0,1321.338732075,6609768.0,96.548021855,100.0,3514.739450723,1.6698732E7,4.25E-7,0.0,0.0,2.2566637E7,37.003788486,0.0,-589.5825925080093,498.41740749199073,
33.378138414,3.0757E-5,4.9E-7,33.378107657,1889213.0,2.0,270.957659824,1431921.0,89.57581427,100.0,1144.001581905,4309190.0,5.31E-7,0.0,0.0,2087713.0,20.69354212,0.0,584.3933620736107,680.0,
89.515694622,1.7345E-5,4.89E-7,89.515677277,2.2667845E7,0.0,1851.179478974,9550565.0,95.784334697,100.0,4653.567241221,2.2027098E7,5.12E-7,0.0,0.0,2.4945231E7,35.779244968,0.0,-321.8606030818874,680.0,
88.45836557,2.2644E-5,4.06E-7,88.458342926,2.2667845E7,0.0,1847.510470821,9550565.0,94.209430857,100.0,4610.742582886,2.2024352E7,7.31E-7,0.0,0.0,2.4946983E7,36.70239527,0.0,-340.8078259899138,680.0,
87.5974194,1.8147E-5,4.0E-7,87.597401253,2.2667845E7,0.0,1853.081391462,9550565.0,95.047151511,100.0,4426.175268646,2.2003664E7,3.85E-7,0.0,0.0,2.4949973E7,37.641641987,0.0,-384.22551872831593,680.0,
46.87222484,1.9472E-5,4.48E-7,46.872205368,7062052.0,0.0,902.734638229,4838282.0,90.400623526,100.0,2891.874175656,1.1423195E7,3.91E-7,0.0,0.0,5368268.0,40.130562932,0.0,353.43148707238356,680.0,
106.587769093,2.3848E-5,4.08E-7,106.587745245,2.2667845E7,0.0,1909.633310137,8441046.0,95.947498314,100.0,4529.483949046,2.0017371E7,4.79E-7,0.0,0.0,2.4064763E7,37.689063064,0.0,-615.530712886534,608.4692871134657,
58.994726914,1.9886E-5,3.26E-7,58.994707028,7062052.0,0.0,1179.745026642,6274525.0,86.644624566,100.0,3004.352069233,1.4069097E7,7.2E-7,0.0,0.0,6559203.0,27.103240656,0.0,283.53058388105353,680.0,
34.206287691,1.8946E-5,6.35E-7,34.206268745,2179121.0,2.0,406.802365623,2087393.0,88.426620812,100.0,1434.727157969,6089783.0,4.01E-7,0.0,0.0,2991464.0,21.586705258,0.0,514.0158601788744,680.0,
62.12501986,1.7104E-5,5.1E-7,62.125002756,1.2332815E7,0.0,1857.366366495,9467788.0,90.470878765,100.0,4069.515003695,2.0742471E7,4.06E-7,0.0,0.0,9808608.0,30.413993609,0.0,115.64089530811475,680.0,
43.527373249,1.7436E-5,5.11E-7,43.527355813,7062052.0,0.0,690.603630151,3699445.0,88.890210755,100.0,1891.959451165,8636831.0,3.69E-7,0.0,0.0,4041362.0,26.413280124,0.0,439.02264134487154,680.0,
87.64873774,1.7702E-5,6.88E-7,87.648720038,2.2667845E7,0.0,1760.243267264,9550565.0,93.07830751,100.0,5272.703482418,2.1606936E7,5.2E-7,0.0,0.0,2.4954966E7,37.707883863,0.0,-631.576782532767,680.0,
112.521972623,1.6975E-5,4.21E-7,112.521955648,2.2667845E7,0.0,2825.819375423,9550565.0,96.91660782,100.0,4611.275000555,2.1615819E7,3.85E-7,0.0,0.0,2.4954786E7,35.2412536,0.0,-600.1969302301084,680.0,
90.264865782,1.9519E-5,5.36E-7,90.264846263,2.2667845E7,0.0,1751.830021743,9550565.0,97.158394968,100.0,4388.781815103,2.2380165E7,3.38E-7,0.0,0.0,2.4897528E7,35.4725895,0.0,-156.11618742079975,680.0,
