0.006613753064442151
0.005903330716322338
0.005930072228504598
0.005786245130029806
0.005847632462423997
0.00574742169599884
0.005866708522276915
0.006056138385909713
0.008642397408127209
0.006029713045082556
0.005910037053111974
0.0067633628048258615
0.0057534392124884365
0.0058209188915176215
0.008655011097699188
0.018798064669099758
0.013192299164562497
0.003654883440598181
0.0047592881343396795
0.005988219087745176
0.0058318159226013275
0.0058480982058533
0.005869726068524631
0.005994969296700423
0.006143590242650069
0.005941424517611988
0.006264256333464619
0.0063360290647143415
0.006423443529066973
0.006630355648598447
0.0065618876342896535
0.006629699091743119
0.0063985147421150275
0.006565617832574737
0.006496072373480124
0.006422096280025047
0.005882978219360844
0.005861204537331
0.005963164988045722
0.005914443981628087
0.006052582058554056
0.00617704576195163
0.006068784416795285
0.005888991524776306
0.0062714572689026755
0.006264983122848292
0.006111608088434509
0.006157865857161475
0.006381197319281811
0.006232052287488358
0.0062337168274934195
0.006077066288779438
0.006310509318331209
0.005994900112168946
0.006078892665114076
0.00611953704104257
0.006135880007008434
0.005812427453144983
0.005911530127215362
0.005790274804691217
0.005840787339486933
0.006058166489739152
0.005782508064944775
0.005836337407072501
0.005601314709750567
0.006054454303929536
0.0063430752640569795
0.006328552595070744
0.006282059637807085
0.006514308364145325
0.006178871784156431
0.006429013455892901
0.006701566105100463
0.006567919333700441
0.006383217024626307
0.006332474261336812
0.0065351149009009015
0.006283800828011948
0.005991743205257615
0.005954409562199418
0.005999165039939333
0.006062834124915024
0.006024784993007971
0.00584547937351639
0.006189842540475319
0.0062801109062322405
0.00636474467774799
0.00641720170781764
0.0064184522209779025
0.006358299317054765
0.006499568236449585
0.006315614152722932
0.006395865909980564
0.006347617546670256
0.0057318143942352755
0.005786537469046251
0.00579496831470663
0.005682230836656686
0.005659704233468972
0.0057958301988362765
0.005740058129968878
0.0056649689875452516
0.00568229682309192
0.00553903044347981
0.005641233212319571
0.0056723066474947455
0.00556561383067591
0.005601138339868349
0.0056094954959086995
0.005542054808988763
0.005632177386680944
0.005625546537119196
0.005849288051426611
0.006025480684342313
0.006095552157531733
0.005946478041250799
0.006146445395977891
0.006039856731352605
0.005918012402486402
0.005968152165023011
0.006022462193524785
0.006331457682130083
0.007309780991199858
0.007242309917495808
0.007175462453142227
0.007278423358372457
0.007141198350469197
0.007101264644282039
0.007324980380023502
0.007172150978385479
0.007010228691105322
0.0069131572117068765
0.00713565883256413
0.007170037246607515
0.006984872800061263
0.007067433514919716
0.006871746611398963
0.006642050409334525
0.0068996676325953615
0.006545882849382947
0.007494825500000001
0.006151752650568182
0.006447608207833228
0.00636816566619034
0.00648500129044429
0.006508172906084116
0.00681725519209508
0.0070636172033401706
0.006487138455325569
0.006581515148365115
0.006636824216688723
0.007109044204011434
0.00770921988177115
0.0075358445202811895
0.007372863872038508
0.008106799438732394
0.007459030032791787
0.0073940231443298966
0.007404837465822929
0.007298845238205582
0.006947782121106501
0.007015723809979085
0.007508291325899319
0.0071226519450326015
0.00699507231947421
0.007680373398167618
0.005545586237398934
0.02215892453125
0.007209043842853516
0.0069744922431858
0.006905988358915208
0.006995094418926795
0.006727574796222791
0.007054292046811001
0.007005805292099465
0.006550399019215522
0.00716255654242312
0.0069748975408009065
0.007132401609902978
0.0068394492157673285
0.008428073031717534
0.006683817086668629
0.006579610515849231
0.0068615402250404404
0.007096989997973078
0.007165536127356369
0.00766870595764601
0.007308472713537856
0.00820062541772152
0.007582571288323354
0.007254378460618556
0.007448116748133168
0.007349975869629036
0.008807905250692522
0.008100648322249736
0.0076925586980703745
0.007359374781534954
0.008061140342335767
0.007333716628541448
0.007254182766788859
0.007424978519207617
0.015816876644067796
0.0071727932236651075
0.007103057302842036
0.007193364908005762
0.007114866614566126
0.007005487035280434
0.006901605363273134
0.007730516393939394
0.007060481763623932
0.005295898
0.005511422
0.0071883736843567254
0.007163163907484483
0.007123904097653167
0.007327661366761019
0.007361285394192065
0.00728421023968254
0.006890639233042311
0.0063662400193488945
0.0062912834399633365
0.007152255224285714
0.006398175258392875
0.006430571525483304
0.00661392185676109
0.0063907117087761015
0.006891306540962288
0.00694284194453125
0.006391940480478282
0.006213915590842846
0.006472825215290207
0.006016838788253746
0.006203701650765113
0.006285833921628058
0.006618654946751051
0.006797652987484356
0.007237593942144302
0.007102386806373938
0.007313989834160548
0.007291864970756365
0.0074329524943780746
0.00726367474998057
0.007258401561849367
0.006830234290417234
0.00644814787099044
0.006324080558445382
0.006382922384469697
0.006366886603206502
0.006292432814066828
0.00658064331587235
0.007404264758902388
0.007575022666344549
0.007640029555108359
0.0071997760933780195
0.007402412957220396
0.0075606304777311876
0.007633857155811233
0.007463742726237545
0.007355983574010327
0.007329001380054832
0.007950738589268293
0.007403295445869648
0.007617751229548835
0.012334642447368422
0.005938713254187604
0.007626409808149406
0.007395251641442176
0.0070214227543335325
0.007471095853678699
0.007200608585460365
0.0076510006800069
0.005968408506478615
0.005246849249124079
0.005490537674947572
0.005230398683494784
0.005498845070774219
0.0055753425050739346
0.00528774924574025
0.005474513318194255
0.005448334182930144
0.005558668554989232
0.005417752296679602
0.005286096360392875
0.004714525995189639
0.004761479617500566
0.00470677505393596
0.0046728099947445255
0.0047400154248237415
0.0046831837666197005
0.004681953750663734
0.005266598097233296
0.005519517446301809
0.005483627584755691
0.005493426453683199
0.005399226858263891
0.005330542179264598
0.005306121076567035
0.005260650529407903
0.005626656032945483
0.005649170736715672
0.005830609451705504
0.005819892835215336
0.0056902719319758335
0.005615334349371263
0.005643510433929287
0.005724380678639863
0.005922946724608641
0.00515866230670183
0.005096497272466996
0.005121065759407854
0.005177149265166508
0.005208915528069299
0.005426590587457818
0.0050082326506243864
0.005059204005625033
0.005132793453082591
0.005151065211308473
0.005174590885044678
0.005176274447977758
0.0036401031855321365
0.0035951213627755355
0.003529979608189529
0.0036676025032269023
0.003618870579448655
0.003657016312936357
0.0035527395420383674
0.0029401966670772567
0.002898556558974241
0.002924961625072666
0.0028956643057687064
0.0029695363934246835
0.0032359214328526904
0.0033886298482507108
0.003391424121767205
0.003429595945260778
0.0035543076145124713
0.003394067340052953
0.003440127701082269
0.003413237561204929
0.003394982075562451
0.003468062832757594
0.0034330572637252445
0.003591180920870189
0.0038471869165378667
0.0035198475209251103
0.003474562329521674
0.003363569869983849
0.003786562115830116
0.004748607429074013
0.003512399418327043
0.0034563165733496708
0.0034443063543983824
0.003738322889360979
0.0034301797229758075
0.0034909316229117834
0.0034868028470201097
0.0034711581172191704
0.0035252773502680965
0.0035832350537364876
0.0035428246909309066
0.0035393293868046572
0.003460543156500987
0.0034881392347016864
0.003457436236505609
0.003420225859271226
0.003463469454304015
0.003461851698721632
0.0034624072224197786
0.0034450685739950307
0.003424014837487284
0.0035644006340288924
0.0034322484794879053
0.0034147230364010763
0.0032730254217633046
0.002952784844085304
0.0029786727080396104
0.003143694414519043
0.003005205526126517
0.003000115526857208
0.0030400369338931953
0.0030581178035247038
0.002986949683497385
0.003013065325110914
0.0029583340390234338
0.0030221650957958078
0.002950999964707609
0.0029735023219430654
0.0030754389194401974
0.0030277165632583867
0.003074225246975247
0.0033412346291913217
0.0033099406805560637
0.003378103227899847
0.0033251933963951226
0.005339277584199739
0.00575812674862183
0.005733167579029734
0.0058058562521011835
0.005600938468436556
0.005752923062138661
0.005171594401520579
0.004881679089551545
0.00495183470616984
0.005127389996994741
0.0050198400473643
0.0050345514244705064
0.005008658044173386
0.005054712501683938
0.005415722646270656
0.005218414482652866
0.005099199297447644
0.0051700397372881355
0.005207899710227272
0.0050552868593712035
0.004952766201829093
0.005007626576191576
0.005061365661800735
0.005376842890823659
0.005704126690106456
0.0059055266028572775
0.005763563975730767
0.00560983044835272
0.005583966613972192
0.005656134691570298
0.0056324970585811245
0.005585176676376821
0.0062761578539436615
0.006066112304146317
0.006144619274495364
0.006444553577675162
0.006406586598312851
0.006310373404813278
0.006175906389901404
0.005930174113869082
0.005489925892168548
0.005647064069628995
0.004935268668669271
0.004830381528642698
0.0197891545625
0.004779450366590505
0.0047277812482408015
0.004860242555899398
0.004860612774824046
0.00487216116184379
0.005097660132241077
0.004897442798945546
0.004859576945198452
0.005293228986291219
0.005125929015678126
0.005211655296754767
0.0058427215123643605
0.006886413990424895
0.005626242813346087
0.005712430458640938
0.005534706174603688
0.005836159319162206
0.005397254018750937
0.005957876482612572
0.005795964020433437
0.007003561968687542
0.006605208947904192
0.0058445235199999996
0.0056993453263067834
0.005767146111222311
0.007193644157894736
0.006013749387336399
0.006095349737797956
0.0059338459812879945
0.0061137959781021895
0.005728517925498427
0.00570453081965912
0.0058631805088103315
0.01489365986440678
0.005531465345297629
0.005639669185657634
0.005808974339919051
0.005769130219463609
0.005535290952571725
0.00579175270129455
0.0059230456273546275
0.006265572549059829
0.006305397
0.008015321
0.006442835044152047
0.006372507661555313
0.006240212679916927
0.006693712885564093
0.006541100487349051
0.00636595558994709
0.006549188072531901
0.006203445553132678
0.006682777137619484
0.006966375940952381
0.006680895221297837
0.006348193089090171
0.006427275035186175
0.006494317701345025
0.006700642634590377
0.006377965305664063
0.006096910736700829
0.0054596717699781395
0.005628378663513169
0.005505823124956431
0.005441346857725038
0.005604859082196724
0.005496063874133887
0.005587755957936551
0.005619979074983142
0.005461888839447592
0.005443716533286846
0.004889685240941088
0.0049985829889318345
0.004718311489041735
0.004771722865329324
0.004778757221928004
0.004765639489135384
0.004712291119589753
0.005301521180871212
0.005515578918631654
0.005368875563865222
0.005432755414707118
0.005412677130847646
0.005489470990248616
0.005628227062848297
0.005818567102738935
0.006283815860734181
0.006106712887975975
0.006395827926579564
0.006045031429542938
0.006005569288726333
0.005922364329849212
0.006111550838048781
0.006086038855725484
0.0064192482518591965
0.011720208473684211
0.006152924677135679
0.0063675037476655354
0.006139307170290778
0.006121830135043976
0.006274282908376964
0.005984782976160391
0.006653214349836122
