0.006613753064442151
0.005903330716322338
0.005930072228504598
0.005786245130029806
0.005847632462423997
0.00574742169599884
0.005866708522276915
0.006056138385909713
0.008642397408127209
0.006029713045082556
0.005910037053111974
0.0067633628048258615
0.0057534392124884365
0.0058209188915176215
0.008655011097699188
0.018798064669099758
0.013192299164562497
0.003654883440598181
0.0047592881343396795
0.005988219087745176
0.0058318159226013275
0.0058480982058533
0.005869726068524631
0.005994969296700423
0.006143590242650069
0.005941424517611988
0.006264256333464619
0.0063360290647143415
0.006423443529066973
0.006630355648598447
0.0065618876342896535
0.006629699091743119
0.0063985147421150275
0.006565617832574737
0.006496072373480124
0.006422096280025047
0.005882978219360844
0.005861204537331
0.005963164988045722
0.005914443981628087
0.006052582058554056
0.00617704576195163
0.006068784416795285
0.005888991524776306
0.0062714572689026755
0.006264983122848292
0.006111608088434509
0.006157865857161475
0.006381197319281811
0.006232052287488358
0.0062337168274934195
0.006077066288779438
0.006310509318331209
0.005994900112168946
0.006078892665114076
0.00611953704104257
0.006135880007008434
0.005812427453144983
0.005911530127215362
0.005790274804691217
0.005840787339486933
0.006058166489739152
0.005782508064944775
0.005836337407072501
0.005601314709750567
0.006054454303929536
0.0063430752640569795
0.006328552595070744
0.006282059637807085
0.006514308364145325
0.006178871784156431
0.006429013455892901
0.006701566105100463
0.006567919333700441
0.006383217024626307
0.006332474261336812
0.0065351149009009015
0.006283800828011948
0.005991743205257615
0.005954409562199418
0.005999165039939333
0.006062834124915024
0.006024784993007971
0.00584547937351639
0.006189842540475319
0.0062801109062322405
0.00636474467774799
0.00641720170781764
0.0064184522209779025
0.006358299317054765
0.006499568236449585
0.006315614152722932
0.006395865909980564
0.006347617546670256
0.0057318143942352755
0.005786537469046251
0.00579496831470663
0.005682230836656686
0.005659704233468972
0.0057958301988362765
0.005740058129968878
0.0056649689875452516
0.00568229682309192
0.00553903044347981
0.005641233212319571
0.0056723066474947455
0.00556561383067591
0.005601138339868349
0.0056094954959086995
0.005542054808988763
0.005632177386680944
0.005625546537119196
0.005849288051426611
0.006025480684342313
0.006095552157531733
0.005946478041250799
0.006146445395977891
0.006039856731352605
0.005918012402486402
0.005968152165023011
0.006022462193524785
0.006331457682130083
0.007309780991199858
0.007242309917495808
0.007175462453142227
0.007278423358372457
0.007141198350469197
0.007101264644282039
0.007324980380023502
0.007172150978385479
0.007010228691105322
0.0069131572117068765
0.00713565883256413
0.007170037246607515
0.006984872800061263
0.007067433514919716
0.006871746611398963
0.006642050409334525
0.0068996676325953615
0.006545882849382947
0.007494825500000001
0.006151752650568182
0.006447608207833228
0.00636816566619034
0.00648500129044429
0.006508172906084116
0.00681725519209508
0.0070636172033401706
0.006487138455325569
0.006581515148365115
0.006636824216688723
0.007109044204011434
0.00770921988177115
0.0075358445202811895
0.007372863872038508
0.008106799438732394
0.007459030032791787
0.0073940231443298966
0.007404837465822929
0.007298845238205582
0.006947782121106501
0.007015723809979085
0.007508291325899319
0.0071226519450326015
0.00699507231947421
0.007680373398167618
0.005545586237398934
0.02215892453125
0.007209043842853516
0.0069744922431858
0.006905988358915208
0.006995094418926795
0.006727574796222791
0.007054292046811001
0.007005805292099465
0.006550399019215522
0.00716255654242312
0.0069748975408009065
0.007132401609902978
0.0068394492157673285
0.008428073031717534
0.006683817086668629
0.006579610515849231
0.0068615402250404404
0.007096989997973078
0.007165536127356369
0.00766870595764601
0.007308472713537856
0.00820062541772152
0.007582571288323354
0.007254378460618556
0.007448116748133168
0.007349975869629036
0.008807905250692522
0.008100648322249736
0.0076925586980703745
0.007359374781534954
0.008061140342335767
0.007333716628541448
0.007254182766788859
0.007424978519207617
0.015816876644067796
0.0071727932236651075
0.007103057302842036
0.007193364908005762
0.007114866614566126
0.007005487035280434
0.006901605363273134
0.007730516393939394
0.007060481763623932
0.005295898
0.005511422
0.0071883736843567254
0.007163163907484483
0.007123904097653167
0.007327661366761019
0.007361285394192065
0.00728421023968254
0.006890639233042311
0.0063662400193488945
0.0062912834399633365
0.007152255224285714
0.006398175258392875
0.006430571525483304
0.00661392185676109
0.0063907117087761015
0.006891306540962288
0.00694284194453125
0.006391940480478282
0.006213915590842846
0.006472825215290207
0.006016838788253746
0.006203701650765113
0.006285833921628058
0.006618654946751051
0.006797652987484356
0.007237593942144302
0.007102386806373938
0.007313989834160548
0.007291864970756365
0.0074329524943780746
0.00726367474998057
0.007258401561849367
0.006830234290417234
0.00644814787099044
0.006324080558445382
0.006382922384469697
0.006366886603206502
0.006292432814066828
0.00658064331587235
0.007404264758902388
0.007575022666344549
0.007640029555108359
0.0071997760933780195
0.007402412957220396
0.0075606304777311876
0.007633857155811233
0.007463742726237545
0.007355983574010327
0.007329001380054832
0.007950738589268293
0.007403295445869648
0.007617751229548835
0.012334642447368422
0.005938713254187604
0.007626409808149406
0.007395251641442176
0.0070214227543335325
0.007471095853678699
0.007200608585460365
0.0076510006800069
