24.945461215,1.32224E-4,0.06349023,25.945328991,16886.0,12.0,25.945461215,1.32224E-4,3.261E-6,100.0,5.04E-7,0.0,5.27E-7,0.0,0.0,0.0,24.945461215,0.0,1.411011533E9,1.411175998E9,
26.545686086,1.13348E-4,0.086166608,27.545572738,18526.0,12.0,27.545686086,1.13348E-4,8.24E-7,100.0,4.24E-7,0.0,4.41E-7,0.0,0.0,0.0,26.545686086,0.0,1.494921116E9,1.495085581E9,
26.932826417,1.1054E-4,0.027524945,27.932715877,37023.0,11.0,27.932826417,1.1054E-4,5.9E-7,100.0,3.29E-7,0.0,3.63E-7,0.0,0.0,0.0,26.932826417,0.0,1.494611226E9,1.494775691E9,
22.5957629,7.5573E-5,0.030461854,23.595687327,20335.0,12.0,23.5957629,7.5573E-5,6.22E-7,100.0,3.4E-7,0.0,3.68E-7,0.0,0.0,0.0,22.5957629,0.0,1.439276536E9,1.439441001E9,
27.936782673,6.6092E-5,0.024064351,28.936716581,148836.0,9.0,28.936782673,6.6092E-5,6.52E-7,100.0,3.85E-7,0.0,5.54E-7,0.0,0.0,0.0,27.936782673,0.0,1.469974101E9,1.470138566E9,
23.575164595,6.8436E-5,0.026444346,24.575096159,73831.0,10.0,24.575164595,6.8436E-5,7.5E-7,100.0,4.54E-7,0.0,4.84E-7,0.0,0.0,0.0,23.575164595,0.0,1.559080788E9,1.559409719E9,
20.103395815,7.8235E-5,0.026120983,21.10331758,15.0,12.0,21.103395815,7.8235E-5,9.18E-7,100.0,4.63E-7,0.0,5.84E-7,0.0,0.0,0.0,20.103395815,0.0,1.290458967E9,1.290787898E9,
23.133352264,5.3903E-5,0.02583608,24.133298361,22815.0,12.0,24.133352264,5.3903E-5,7.56E-7,100.0,3.13E-7,0.0,4.23E-7,0.0,0.0,0.0,23.133352264,0.0,1.399907541E9,1.400236472E9,
23.314502505,5.0008E-5,0.025325101,24.314452497,36974.0,11.0,24.314502505,5.0008E-5,8.7E-7,100.0,5.14E-7,0.0,5.18E-7,0.0,0.0,0.0,23.314502505,0.0,1.499773357E9,1.500102288E9,
25.343272039,6.7791E-5,0.028334786,26.343204248,37494.0,11.0,26.343272039,6.7791E-5,1.04E-6,100.0,4.37E-7,0.0,5.71E-7,0.0,0.0,0.0,25.343272039,0.0,1.461073268E9,1.461402199E9,
23.217965213,5.1854E-5,0.076555115,24.217913359,42172.0,11.0,24.217965213,5.1854E-5,6.06E-7,100.0,3.31E-7,0.0,5.25E-7,0.0,0.0,0.0,23.217965213,0.0,1.368688635E9,1.369182032E9,
24.380978906,8.0162E-5,0.022503146,25.380898744,46346.0,11.0,25.380978906,8.0162E-5,8.47E-7,100.0,3.19E-7,0.0,3.57E-7,0.0,0.0,0.0,24.380978906,0.0,1.46411019E9,1.464603587E9,
24.603496417,5.1476E-5,0.026720466,25.603444941,45993.0,11.0,25.603496417,5.1476E-5,8.77E-7,100.0,4.52E-7,0.0,4.56E-7,0.0,0.0,0.0,24.603496417,0.0,1.434542362E9,1.435035759E9,
22.374606942,6.7542E-5,0.039334046,23.3745394,146926.0,9.0,23.374606942,6.7542E-5,7.44E-7,100.0,3.17E-7,0.0,3.35E-7,0.0,0.0,0.0,22.374606942,0.0,1.478175015E9,1.478668412E9,
21.055779833,5.163E-5,0.02593931,22.055728203,41857.0,11.0,22.055779833,5.163E-5,7.13E-7,100.0,4.64E-7,0.0,4.93E-7,0.0,0.0,0.0,21.055779833,0.0,1.423148407E9,1.423641804E9,
29.936233627,4.9163E-5,0.018340925,30.936184464,585345.0,7.0,30.936233627,4.9163E-5,5.45E-7,100.0,2.8E-7,0.0,2.81E-7,0.0,0.0,0.0,29.936233627,0.0,1.451191708E9,1.451849571E9,
23.634808833,4.2366E-5,0.024786432,24.634766467,46705.0,11.0,24.634808833,4.2366E-5,5.61E-7,100.0,3.2E-7,0.0,3.67E-7,0.0,0.0,0.0,23.634808833,0.0,1.415681636E9,1.416339499E9,
22.507702463,4.2554E-5,0.025151405,23.507659909,55066.0,11.0,23.507702463,4.2554E-5,8.21E-7,100.0,4.11E-7,0.0,3.95E-7,0.0,0.0,0.0,22.507702463,0.0,1.431436017E9,1.43209388E9,
23.385636846,6.6171E-5,0.026198017,24.385570675,46332.0,11.0,24.385636846,6.6171E-5,1.044E-6,100.0,4.99E-7,0.0,5.52E-7,0.0,0.0,0.0,23.385636846,0.0,1.386335566E9,1.386993429E9,
27.713247803,4.3277E-5,0.021186748,28.713204526,68646.0,10.0,28.713247803,4.3277E-5,1.086E-6,100.0,5.33E-7,0.0,5.13E-7,0.0,0.0,0.0,27.713247803,0.0,1.414144573E9,1.414802436E9,
23.322052415,5.2841E-5,0.02181286,24.321999574,101418.0,10.0,24.322052415,5.2841E-5,6.98E-7,100.0,3.24E-7,0.0,3.33E-7,0.0,0.0,0.0,23.322052415,0.0,1.577311773E9,1.578134101E9,
22.177397598,4.0364E-5,0.073162202,23.177357234,92649.0,10.0,23.177397598,4.0364E-5,8.7E-7,100.0,3.98E-7,0.0,3.78E-7,0.0,0.0,0.0,22.177397598,0.0,1.319392076E9,1.320214404E9,
21.175506114,1.01346E-4,0.026581515,22.175404768,58050.0,11.0,22.175506114,1.01346E-4,8.02E-7,100.0,3.35E-7,0.0,3.61E-7,0.0,0.0,0.0,21.175506114,0.0,1.435548956E9,1.436371284E9,
20.502626546,4.1649E-5,0.01989617,21.502584897,93694.0,10.0,21.502626546,4.1649E-5,6.08E-7,100.0,4.3E-7,0.0,3.11E-7,0.0,0.0,0.0,20.502626546,0.0,1.322176212E9,1.32299854E9,
30.388009867,3.3691E-5,0.030656476,31.387976176,590364.0,7.0,31.388009867,3.3691E-5,8.53E-7,100.0,3.75E-7,0.0,3.93E-7,0.0,0.0,0.0,30.388009867,0.0,1.568005476E9,1.568827804E9,
23.20864844,6.068E-5,0.019251961,24.20858776,97501.0,10.0,24.20864844,6.068E-5,8.21E-7,100.0,3.17E-7,0.0,3.42E-7,0.0,0.0,0.0,23.20864844,0.0,1.405192762E9,1.406179556E9,
22.435314137,4.2221E-5,0.020735844,23.435271916,92897.0,10.0,23.435314137,4.2221E-5,8.51E-7,100.0,2.92E-7,0.0,3.63E-7,0.0,0.0,0.0,22.435314137,0.0,1.531630893E9,1.532617687E9,
21.318041402,3.8867E-5,0.018296722,22.318002535,136129.0,9.0,22.318041402,3.8867E-5,8.11E-7,100.0,3.3E-7,0.0,4.2E-7,0.0,0.0,0.0,21.318041402,0.0,1.41553693E9,1.416523724E9,
25.227850978,3.9424E-5,0.023954162,26.227811554,136603.0,9.0,26.227850978,3.9424E-5,7.98E-7,100.0,5.44E-7,0.0,5.19E-7,0.0,0.0,0.0,25.227850978,0.0,1.373161015E9,1.374147809E9,
24.543241262,4.2427E-5,0.022091013,25.543198835,101257.0,10.0,25.543241262,4.2427E-5,7.9E-7,100.0,4.78E-7,0.0,5.17E-7,0.0,0.0,0.0,24.543241262,0.0,1.575102534E9,1.576089328E9,
25.111844072,3.9074E-5,0.019905,26.111804998,148529.0,9.0,26.111844072,3.9074E-5,7.31E-7,100.0,4.96E-7,0.0,6.18E-7,0.0,0.0,0.0,25.111844072,0.0,1.507458571E9,1.508609831E9,
26.722372299,3.9171E-5,0.01776909,27.722333128,149564.0,9.0,27.722372299,3.9171E-5,9.14E-7,100.0,6.11E-7,0.0,5.04E-7,0.0,0.0,0.0,26.722372299,0.0,1.59498517E9,1.59613643E9,
20.078581656,6.0882E-5,0.022413954,21.078520774,85642.0,10.0,21.078581656,6.0882E-5,7.58E-7,100.0,3.02E-7,0.0,3.38E-7,0.0,0.0,0.0,20.078581656,0.0,1.361325871E9,1.362477131E9,
22.507066503,5.9844E-5,0.019341632,23.507006659,147278.0,9.0,23.507066503,5.9844E-5,6.65E-7,100.0,6.25E-7,0.0,5.55E-7,0.0,0.0,0.0,22.507066503,0.0,1.503264732E9,1.504415992E9,
22.355462091,4.0111E-5,0.017954115,23.35542198,149564.0,9.0,23.355462091,4.0111E-5,7.97E-7,100.0,3.21E-7,0.0,3.68E-7,0.0,0.0,0.0,22.355462091,0.0,1.595533898E9,1.596685158E9,
23.589697719,4.1992E-5,0.02062111,24.589655727,109442.0,10.0,24.589697719,4.1992E-5,7.7E-7,100.0,3.33E-7,0.0,3.56E-7,0.0,0.0,0.0,23.589697719,0.0,1.328260239E9,1.329575965E9,
36.711032051,2.6904E-5,0.007166874,37.711005147,4998467.0,4.0,37.711032051,2.6904E-5,5.86E-7,100.0,2.81E-7,0.0,3.16E-7,0.0,0.0,0.0,36.711032051,0.0,1.274374722E9,1.275690448E9,
23.078391089,3.5956E-5,0.019622857,24.078355133,295746.0,8.0,24.078391089,3.5956E-5,5.98E-7,100.0,3.36E-7,0.0,3.79E-7,0.0,0.0,0.0,23.078391089,0.0,1.51328207E9,1.514597796E9,
22.194419935,4.0992E-5,0.023014945,23.194378943,110541.0,10.0,23.194419935,4.0992E-5,7.27E-7,100.0,4.23E-7,0.0,4.9E-7,0.0,0.0,0.0,22.194419935,0.0,1.508625912E9,1.509941638E9,
23.856399803,1.03245E-4,0.020526416,24.856296558,105433.0,10.0,24.856399803,1.03245E-4,7.75E-7,100.0,3.15E-7,0.0,3.74E-7,0.0,0.0,0.0,23.856399803,0.0,1.47916028E9,1.480476006E9,
27.398340433,3.9821E-5,0.025643929,28.398300612,106483.0,10.0,28.398340433,3.9821E-5,8.33E-7,100.0,3.81E-7,0.0,4.02E-7,0.0,0.0,0.0,27.398340433,0.0,1.497444247E9,1.498924438E9,
27.049989119,2.2454E-5,0.011041799,28.049966665,1181844.0,6.0,28.049989119,2.2454E-5,7.64E-7,100.0,4.46E-7,0.0,3.38E-7,0.0,0.0,0.0,27.049989119,0.0,1.324082756E9,1.325562947E9,
24.767725397,2.182E-5,0.019151838,25.767703577,110827.0,10.0,25.767725397,2.182E-5,8.87E-7,100.0,4.53E-7,0.0,4.46E-7,0.0,0.0,0.0,24.767725397,0.0,1.329865481E9,1.331345672E9,
24.200502209,2.313E-5,0.029166651,25.200479079,185670.0,9.0,25.200502209,2.313E-5,6.34E-7,100.0,4.23E-7,0.0,4.43E-7,0.0,0.0,0.0,24.200502209,0.0,1.586207449E9,1.58768764E9,
23.143447749,2.5813E-5,0.024046765,24.143421936,111711.0,10.0,24.143447749,2.5813E-5,6.42E-7,100.0,4.36E-7,0.0,4.63E-7,0.0,0.0,0.0,23.143447749,0.0,1.564804134E9,1.566284325E9,
20.189308167,2.6723E-5,0.01845727,21.189281444,62614.0,9.0,21.189308167,2.6723E-5,1.243E-6,100.0,3.25E-7,0.0,3.38E-7,0.0,0.0,0.0,20.189308167,0.0,1.289379357E9,1.291024014E9,
24.240978005,1.9288E-5,0.018381306,25.240958717,269312.0,8.0,25.240978005,1.9288E-5,7.58E-7,100.0,3.07E-7,0.0,3.53E-7,0.0,0.0,0.0,24.240978005,0.0,1.437745909E9,1.439390566E9,
24.335785506,3.0933E-5,0.021600688,25.335754573,115116.0,10.0,25.335785506,3.0933E-5,7.73E-7,100.0,4.55E-7,0.0,5.36E-7,0.0,0.0,0.0,24.335785506,0.0,1.356982956E9,1.358627613E9,
25.412410802,2.0623E-5,0.019454957,26.412390179,135777.0,9.0,26.412410802,2.0623E-5,7.8E-7,100.0,4.74E-7,0.0,4.68E-7,0.0,0.0,0.0,25.412410802,0.0,1.401961537E9,1.403606194E9,
26.465971516,2.1095E-5,0.018276249,27.465950421,184009.0,9.0,27.465971516,2.1095E-5,7.61E-7,100.0,4.29E-7,0.0,5.98E-7,0.0,0.0,0.0,26.465971516,0.0,1.31440563E9,1.316050287E9,
25.084288677,2.9235E-5,0.021898545,26.084259442,133807.0,10.0,26.084288677,2.9235E-5,8.45E-7,100.0,3.02E-7,0.0,3.48E-7,0.0,0.0,0.0,25.084288677,0.0,1.551966381E9,1.553775504E9,
27.699595672,1.9849E-5,0.01692563,28.699575823,295135.0,8.0,28.699595672,1.9849E-5,6.26E-7,100.0,2.98E-7,0.0,3.16E-7,0.0,0.0,0.0,27.699595672,0.0,1.529855479E9,1.531664602E9,
28.389939351,1.7498E-5,0.013539878,29.389921853,1184135.0,6.0,29.389939351,1.7498E-5,7.83E-7,100.0,5.11E-7,0.0,5.87E-7,0.0,0.0,0.0,28.389939351,0.0,1.458337336E9,1.460146459E9,
28.214179232,3.2158E-5,0.02277156,29.214147074,132904.0,10.0,29.214179232,3.2158E-5,5.96E-7,100.0,2.9E-7,0.0,3.57E-7,0.0,0.0,0.0,28.214179232,0.0,1.556204626E9,1.558013749E9,
27.072396282,2.5706E-5,0.01915688,28.072370576,146958.0,9.0,28.072396282,2.5706E-5,7.91E-7,100.0,3.33E-7,0.0,3.61E-7,0.0,0.0,0.0,27.072396282,0.0,1.52788621E9,1.529695333E9,
27.920833646,2.5789E-5,0.019328164,28.920807857,295506.0,8.0,28.920833646,2.5789E-5,8.11E-7,100.0,4.81E-7,0.0,4.92E-7,0.0,0.0,0.0,27.920833646,0.0,1.521691393E9,1.523664982E9,
29.269373603,2.0608E-5,0.009123758,30.269352995,4733910.0,4.0,30.269373603,2.0608E-5,8.16E-7,100.0,3.16E-7,0.0,3.52E-7,0.0,0.0,0.0,29.269373603,0.0,1.541966678E9,1.543940267E9,
23.168286457,2.2031E-5,0.020461777,24.168264426,199351.0,9.0,24.168286457,2.2031E-5,7.27E-7,100.0,2.85E-7,0.0,3.4E-7,0.0,0.0,0.0,23.168286457,0.0,1.417800765E9,1.419774354E9,
24.790080072,2.0822E-5,0.018023491,25.79005925,295746.0,8.0,25.790080072,2.0822E-5,7.92E-7,100.0,2.9E-7,0.0,3.37E-7,0.0,0.0,0.0,24.790080072,0.0,1.51404355E9,1.516017139E9,
28.179376335,1.9074E-5,0.01713598,29.179357261,591482.0,7.0,29.179376335,1.9074E-5,8.62E-7,100.0,4.9E-7,0.0,5.51E-7,0.0,0.0,0.0,28.179376335,0.0,1.533868027E9,1.535841616E9,
45.314224007,1.8208E-5,0.0035598,46.314205799,1.6544054E7,2.0,46.314224007,1.8208E-5,9.25E-7,100.0,3.22E-7,0.0,3.44E-7,0.0,0.0,0.0,45.314224007,0.0,1.341672748E9,1.343810802E9,
27.782654321,1.9178E-5,0.066936339,28.782635143,593596.0,7.0,28.782654321,1.9178E-5,7.85E-7,100.0,2.93E-7,0.0,3.4E-7,0.0,0.0,0.0,27.782654321,0.0,1.467406232E9,1.469544286E9,
24.472289433,2.0486E-5,0.015011582,25.472268947,296715.0,8.0,25.472289433,2.0486E-5,7.88E-7,100.0,3.29E-7,0.0,3.43E-7,0.0,0.0,0.0,24.472289433,0.0,1.320649893E9,1.322787947E9,
26.205963465,2.0377E-5,0.016417536,27.205943088,295351.0,8.0,27.205963465,2.0377E-5,9.72E-7,100.0,5.22E-7,0.0,5.58E-7,0.0,0.0,0.0,26.205963465,0.0,1.478498909E9,1.480636963E9,
27.614532866,2.2902E-5,0.017928392,28.614509964,184802.0,9.0,28.614532866,2.2902E-5,7.22E-7,100.0,2.84E-7,0.0,3.13E-7,0.0,0.0,0.0,27.614532866,0.0,1.405479261E9,1.407617315E9,
25.610132433,1.9749E-5,0.029120589,26.610112684,296400.0,8.0,26.610132433,1.9749E-5,8.02E-7,100.0,3.28E-7,0.0,4.11E-7,0.0,0.0,0.0,25.610132433,0.0,1.555717376E9,1.558019896E9,
28.425850682,2.0335E-5,0.016324589,29.425830347,337754.0,8.0,29.425850682,2.0335E-5,7.7E-7,100.0,3.17E-7,0.0,4.59E-7,0.0,0.0,0.0,28.425850682,0.0,1.41963998E9,1.4219425E9,
23.391890733,2.0034E-5,0.073822348,24.391870699,211772.0,9.0,24.391890733,2.0034E-5,1.017E-6,100.0,4.23E-7,0.0,5.59E-7,0.0,0.0,0.0,23.391890733,0.0,1.499125926E9,1.501428446E9,
24.273729244,2.2423E-5,0.021782239,25.273706821,482397.0,9.0,25.273729244,2.2423E-5,9.54E-7,100.0,4.68E-7,0.0,5.72E-7,0.0,0.0,0.0,24.273729244,0.0,1.2756775E9,1.27798002E9,
29.967552854,2.5764E-5,0.013613187,30.96752709,588885.0,7.0,30.967552854,2.5764E-5,7.93E-7,100.0,3.07E-7,0.0,3.57E-7,0.0,0.0,0.0,29.967552854,0.0,1.315239476E9,1.317541996E9,
28.205649164,2.0345E-5,0.016220105,29.205628819,270733.0,8.0,29.205649164,2.0345E-5,7.55E-7,100.0,2.9E-7,0.0,3.27E-7,0.0,0.0,0.0,28.205649164,0.0,1.369722374E9,1.37218936E9,
30.284183355,1.8348E-5,0.014547893,31.284165007,451324.0,7.0,31.284183355,1.8348E-5,8.49E-7,100.0,5.41E-7,0.0,5.21E-7,0.0,0.0,0.0,30.284183355,0.0,1.300169372E9,1.302636358E9,
29.864059521,2.6638E-5,0.039601602,30.864032883,271828.0,8.0,30.864059521,2.6638E-5,6.43E-7,100.0,4.55E-7,0.0,5.99E-7,0.0,0.0,0.0,29.864059521,0.0,1.428893275E9,1.431360261E9,
46.35878204,1.7264E-5,0.004788546,47.358764776,1.6544054E7,2.0,47.35878204,1.7264E-5,6.51E-7,100.0,4.27E-7,0.0,7.41E-7,0.0,0.0,0.0,46.35878204,0.0,1.341822385E9,1.344289371E9,
30.831393417,1.7024E-5,0.013830684,31.831376393,1459051.0,6.0,31.831393417,1.7024E-5,1.099E-6,100.0,4.61E-7,0.0,4.98E-7,0.0,0.0,0.0,30.831393417,0.0,1.289595288E9,1.292062274E9,
30.004201755,2.0607E-5,0.017174448,31.004181148,592830.0,7.0,31.004201755,2.0607E-5,7.64E-7,100.0,2.9E-7,0.0,3.27E-7,0.0,0.0,0.0,30.004201755,0.0,1.51816681E9,1.520798262E9,
27.056009416,2.2099E-5,0.020342673,28.055987317,221387.0,9.0,28.056009416,2.2099E-5,8.19E-7,100.0,3.16E-7,0.0,3.64E-7,0.0,0.0,0.0,27.056009416,0.0,1.45124213E9,1.453873582E9,
25.718680093,1.8555E-5,0.014398279,26.718661538,1181844.0,6.0,26.718680093,1.8555E-5,7.15E-7,100.0,2.56E-7,0.0,2.82E-7,0.0,0.0,0.0,25.718680093,0.0,1.323647411E9,1.326278863E9,
33.303439272,1.9688E-5,0.036528297,34.303419584,585345.0,7.0,34.303439272,1.9688E-5,7.44E-7,100.0,3.03E-7,0.0,3.39E-7,0.0,0.0,0.0,33.303439272,0.0,1.448738095E9,1.451369547E9,
23.433323854,1.9002E-5,0.017156444,24.433304852,747391.0,7.0,24.433323854,1.9002E-5,7.72E-7,100.0,3.55E-7,0.0,3.53E-7,0.0,0.0,0.0,23.433323854,0.0,1.348234338E9,1.35086579E9,
29.146784306,2.0654E-5,0.022432976,30.146763652,240510.0,9.0,30.146784306,2.0654E-5,8.23E-7,100.0,5.43E-7,0.0,5.84E-7,0.0,0.0,0.0,29.146784306,0.0,1.452189846E9,1.454985763E9,
31.908569668,2.8259E-5,0.0186557,32.908541409,350584.0,8.0,32.908569668,2.8259E-5,8.0E-7,100.0,3.26E-7,0.0,3.92E-7,0.0,0.0,0.0,31.908569668,0.0,1.446474732E9,1.449270649E9,
27.072268021,2.0299E-5,0.037987088,28.072247722,847373.0,8.0,28.072268021,2.0299E-5,9.22E-7,100.0,5.47E-7,0.0,5.19E-7,0.0,0.0,0.0,27.072268021,0.0,1.277220182E9,1.280016099E9,
32.184237842,2.7685E-5,0.018641612,33.184210157,380753.0,8.0,33.184237842,2.7685E-5,7.56E-7,100.0,5.26E-7,0.0,5.51E-7,0.0,0.0,0.0,32.184237842,0.0,1.395166564E9,1.397962481E9,
27.301109669,2.5964E-5,0.018726203,28.301083705,295858.0,8.0,28.301109669,2.5964E-5,7.43E-7,100.0,2.76E-7,0.0,2.86E-7,0.0,0.0,0.0,27.301109669,0.0,1.49662553E9,1.499421447E9,
27.692621002,1.786E-5,0.014189583,28.692603142,1140681.0,6.0,28.692621002,1.786E-5,7.48E-7,100.0,2.86E-7,0.0,3.42E-7,0.0,0.0,0.0,27.692621002,0.0,1.357166112E9,1.360126495E9,
32.519501097,1.8196E-5,0.013811548,33.519482901,1191489.0,6.0,33.519501097,1.8196E-5,7.68E-7,100.0,3.32E-7,0.0,3.57E-7,0.0,0.0,0.0,32.519501097,0.0,1.391101124E9,1.394061507E9,
36.212576076,1.7819E-5,0.015906098,37.212558257,1140681.0,6.0,37.212576076,1.7819E-5,7.38E-7,100.0,4.92E-7,0.0,5.33E-7,0.0,0.0,0.0,36.212576076,0.0,1.358210338E9,1.361170721E9,
26.684061159,2.691E-5,0.016970676,27.684034249,295506.0,8.0,27.684061159,2.691E-5,9.17E-7,100.0,3.33E-7,0.0,3.56E-7,0.0,0.0,0.0,26.684061159,0.0,1.52117994E9,1.524140323E9,
24.303547231,1.9545E-5,0.018666158,25.303527686,371569.0,8.0,25.303547231,1.9545E-5,7.27E-7,100.0,5.04E-7,0.0,5.48E-7,0.0,0.0,0.0,24.303547231,0.0,1.545021967E9,1.54798235E9,
27.186618949,3.2239E-5,0.019334551,28.18658671,268667.0,8.0,28.186618949,3.2239E-5,7.44E-7,100.0,4.67E-7,0.0,5.82E-7,0.0,0.0,0.0,27.186618949,0.0,1.37814782E9,1.381272669E9,
29.66835987,2.2108E-5,0.012466807,30.668337762,2165844.0,5.0,30.66835987,2.2108E-5,6.97E-7,100.0,3.81E-7,0.0,4.48E-7,0.0,0.0,0.0,29.66835987,0.0,1.375663542E9,1.378788391E9,
31.992965396000002,2.5452E-5,0.015580073,32.992939944,368813.0,8.0,32.992965396,2.5452E-5,7.53E-7,100.0,3.05E-7,0.0,3.58E-7,0.0,0.0,0.0,31.992965396000002,0.0,1.53628385E9,1.539408699E9,
25.072382853,2.056E-5,0.019038323,26.072362293,369408.0,8.0,26.072382853,2.056E-5,7.5E-7,100.0,3.14E-7,0.0,3.33E-7,0.0,0.0,0.0,25.072382853,0.0,1.454427329E9,1.457552178E9,
37.868564705,2.0672E-5,0.018753137,38.868544033,369852.0,8.0,38.868564705,2.0672E-5,8.23E-7,100.0,4.62E-7,0.0,5.77E-7,0.0,0.0,0.0,37.868564705,0.0,1.561544646E9,1.564669495E9,
30.175028946,2.5621E-5,0.017492994,31.175003325,478321.0,8.0,31.175028946,2.5621E-5,7.71E-7,100.0,4.84E-7,0.0,5.02E-7,0.0,0.0,0.0,30.175028946,0.0,1.285133733E9,1.288423048E9,
33.128969681,2.6756E-5,0.020583179,34.128942925,613123.0,7.0,34.128969681,2.6756E-5,1.237E-6,100.0,4.18E-7,0.0,8.72E-7,0.0,0.0,0.0,33.128969681,0.0,1.399256998E9,1.402546313E9,
29.037184493,2.2493E-5,0.017411294,30.037162,268667.0,8.0,30.037184493,2.2493E-5,7.85E-7,100.0,3.04E-7,0.0,3.69E-7,0.0,0.0,0.0,29.037184493,0.0,1.378438532E9,1.381727847E9,
27.447427875,2.1044E-5,0.021283481,28.447406831,258824.0,9.0,28.447427875,2.1044E-5,7.67E-7,100.0,2.98E-7,0.0,2.83E-7,0.0,0.0,0.0,27.447427875,0.0,1.522941523E9,1.526230838E9,
27.416139877,1.9779E-5,0.017277876,28.416120098,372666.0,8.0,28.416139877,1.9779E-5,7.92E-7,100.0,3.19E-7,0.0,3.89E-7,0.0,0.0,0.0,27.416139877,0.0,1.589486886E9,1.592776201E9,
30.327096037,2.03E-5,0.019688556,31.327075737,338606.0,8.0,31.327096037,2.03E-5,7.47E-7,100.0,4.05E-7,0.0,4.37E-7,0.0,0.0,0.0,30.327096037,0.0,1.404779917E9,1.408233697E9,
29.937688045,2.37E-5,0.017271532,30.937664345,591482.0,7.0,30.937688045,2.37E-5,8.75E-7,100.0,3.27E-7,0.0,3.51E-7,0.0,0.0,0.0,29.937688045,0.0,1.532606809E9,1.536060589E9,
27.318082034,2.5957E-5,0.015145866,28.318056077,1140681.0,6.0,28.318082034,2.5957E-5,7.66E-7,100.0,3.33E-7,0.0,3.57E-7,0.0,0.0,0.0,27.318082034,0.0,1.357173142E9,1.360626922E9,
26.828780773,2.0388E-5,0.019754351,27.828760385,295007.0,8.0,27.828780773,2.0388E-5,7.0E-7,100.0,2.42E-7,0.0,2.99E-7,0.0,0.0,0.0,26.828780773,0.0,1.45399087E9,1.45744465E9,
28.380098045,1.9813E-5,0.177096912,29.380078232,594715.0,7.0,29.380098045,1.9813E-5,7.62E-7,100.0,2.71E-7,0.0,3.34E-7,0.0,0.0,0.0,28.380098045,0.0,1.483071128E9,1.486524908E9,
46.460562568,1.477E-5,0.004196531,47.460547798,1.6544054E7,2.0,47.460562568,1.477E-5,7.68E-7,100.0,2.82E-7,0.0,3.41E-7,0.0,0.0,0.0,46.460562568,0.0,1.340181397E9,1.343799643E9,
26.315485916,1.9611E-5,0.01800349,27.315466305,368998.0,8.0,27.315485916,1.9611E-5,6.82E-7,100.0,4.37E-7,0.0,4.69E-7,0.0,0.0,0.0,26.315485916,0.0,1.478113421E9,1.481731667E9,
26.199304852,2.6931E-5,0.026054278,27.199277921,340518.0,8.0,27.199304852,2.6931E-5,8.13E-7,100.0,3.12E-7,0.0,3.65E-7,0.0,0.0,0.0,26.199304852,0.0,1.41082957E9,1.414447816E9,
31.019421665000003,1.6246E-5,0.008968719,32.019405419,4444811.0,4.0,32.019421665,1.6246E-5,7.9E-7,100.0,5.0E-7,0.0,5.56E-7,0.0,0.0,0.0,31.019421665000003,0.0,1.409164221E9,1.412782467E9,
26.58482727,1.8668E-5,0.012774619,27.584808602,1181844.0,6.0,27.58482727,1.8668E-5,7.66E-7,100.0,2.94E-7,0.0,5.42E-7,0.0,0.0,0.0,26.58482727,0.0,1.322851407E9,1.326469653E9,
28.22269117,1.99E-5,0.018665868,29.22267127,369408.0,8.0,29.22269117,1.99E-5,5.89E-7,100.0,2.98E-7,0.0,3.62E-7,0.0,0.0,0.0,28.22269117,0.0,1.454456898E9,1.45823961E9,
26.696268943,1.916E-5,0.016697849,27.696249783,335850.0,8.0,27.696268943,1.916E-5,4.26E-7,100.0,2.84E-7,0.0,3.65E-7,0.0,0.0,0.0,26.696268943,0.0,1.286511684E9,1.290294396E9,
25.665328136,1.892E-5,0.015608515,26.665309216,371148.0,8.0,26.665328136,1.892E-5,7.42E-7,100.0,2.95E-7,0.0,4.0E-7,0.0,0.0,0.0,25.665328136,0.0,1.320139349E9,1.323922061E9,
29.215491144,4.9619E-5,0.05749592,30.215441525,370821.0,8.0,30.215491144,4.9619E-5,6.35E-7,100.0,4.16E-7,0.0,3.82E-7,0.0,0.0,0.0,29.215491144,0.0,1.387892191E9,1.391674903E9,
29.109722509,2.4806E-5,0.018949882,30.109697703,336767.0,8.0,30.109722509,2.4806E-5,7.65E-7,100.0,2.79E-7,0.0,3.53E-7,0.0,0.0,0.0,29.109722509,0.0,1.379167894E9,1.382950606E9,
27.898707908,2.1022E-5,0.015774794,28.898686886,405792.0,8.0,28.898707908,2.1022E-5,7.16E-7,100.0,4.56E-7,0.0,5.21E-7,0.0,0.0,0.0,27.898707908,0.0,1.337365761E9,1.341312939E9,
29.096571225,2.6313E-5,0.015543144,30.096544912,368813.0,8.0,30.096571225,2.6313E-5,9.93E-7,100.0,4.78E-7,0.0,5.23E-7,0.0,0.0,0.0,29.096571225,0.0,1.536821286E9,1.540768464E9,
25.669883974,2.0601E-5,0.01788696,26.669863373,747391.0,7.0,26.669883974,2.0601E-5,8.06E-7,100.0,3.2E-7,0.0,3.41E-7,0.0,0.0,0.0,25.669883974,0.0,1.350019573E9,1.353966751E9,
28.747436793,1.9836E-5,0.01448397,29.747416957,1184135.0,6.0,29.747436793,1.9836E-5,5.77E-7,100.0,2.5E-7,0.0,3.22E-7,0.0,0.0,0.0,28.747436793,0.0,1.456827047E9,1.460774225E9,
29.378629065,1.8014E-5,0.017559275,30.378611051,594065.0,7.0,30.378629065,1.8014E-5,5.82E-7,100.0,2.98E-7,0.0,3.6E-7,0.0,0.0,0.0,29.378629065,0.0,1.549863202E9,1.55381038E9,
29.159385817,1.915E-5,0.019365185,30.159366667,441582.0,8.0,30.159385817,1.915E-5,1.034E-6,100.0,5.26E-7,0.0,5.61E-7,0.0,0.0,0.0,29.159385817,0.0,1.547652531E9,1.551764174E9,
23.908538959,2.3769E-5,0.020724649,24.90851519,337369.0,8.0,24.908538959,2.3769E-5,7.52E-7,100.0,3.18E-7,0.0,3.46E-7,0.0,0.0,0.0,23.908538959,0.0,1.436917244E9,1.441028887E9,
31.490747353000003,1.9195E-5,0.02674556,32.490728158,589930.0,7.0,32.490747353,1.9195E-5,8.58E-7,100.0,3.02E-7,0.0,3.86E-7,0.0,0.0,0.0,31.490747353000003,0.0,1.498995692E9,1.503107335E9,
29.035611367,2.1526E-5,0.019124161,30.035589841,369898.0,8.0,30.035611367,2.1526E-5,7.49E-7,100.0,3.29E-7,0.0,4.01E-7,0.0,0.0,0.0,29.035611367,0.0,1.520325961E9,1.524437604E9,
30.320043642,1.9319E-5,0.018112096,31.320024323,444757.0,8.0,31.320043642,1.9319E-5,7.73E-7,100.0,3.2E-7,0.0,3.63E-7,0.0,0.0,0.0,30.320043642,0.0,1.350912151E9,1.355023794E9,
27.338244959,1.6929E-5,0.011986394,28.33822803,2369009.0,5.0,28.338244959,1.6929E-5,7.56E-7,100.0,4.08E-7,0.0,4.68E-7,0.0,0.0,0.0,27.338244959,0.0,1.576193084E9,1.580469193E9,
25.335812972,2.6375E-5,0.019254291,26.335786597,439141.0,8.0,26.335812972,2.6375E-5,7.83E-7,100.0,3.11E-7,0.0,3.79E-7,0.0,0.0,0.0,25.335812972,0.0,1.455258512E9,1.459534621E9,
45.004119778,1.4574E-5,0.003622512,46.004105204,1.6544054E7,2.0,46.004119778,1.4574E-5,7.67E-7,100.0,2.97E-7,0.0,3.82E-7,0.0,0.0,0.0,45.004119778,0.0,1.339889352E9,1.344165461E9,
43.651606049,1.4196E-5,0.003539694,44.651591853,1.6544054E7,2.0,44.651606049,1.4196E-5,7.83E-7,100.0,3.03E-7,0.0,3.71E-7,0.0,0.0,0.0,43.651606049,0.0,1.33884982E9,1.343125929E9,
28.783141815,1.6546E-5,0.009416622,29.783125269,4733910.0,4.0,29.783141815,1.6546E-5,6.0E-7,100.0,3.2E-7,0.0,3.55E-7,0.0,0.0,0.0,28.783141815,0.0,1.540877424E9,1.545153533E9,
27.323452498,1.8434E-5,0.020024976,28.323434064,595787.0,7.0,28.323452498,1.8434E-5,7.98E-7,100.0,2.93E-7,0.0,3.48E-7,0.0,0.0,0.0,27.323452498,0.0,1.58183512E9,1.586275695E9,
30.999598281,1.7469E-5,0.014274844,31.999580812,1140681.0,6.0,31.999598281,1.7469E-5,6.02E-7,100.0,4.8E-7,0.0,4.93E-7,0.0,0.0,0.0,30.999598281,0.0,1.356552693E9,1.360993268E9,
28.923023876,2.0521E-5,0.016418697,29.923003355,595787.0,7.0,29.923023876,2.0521E-5,8.82E-7,100.0,5.58E-7,0.0,6.03E-7,0.0,0.0,0.0,28.923023876,0.0,1.582050637E9,1.586491212E9,
27.881934968,2.073E-5,0.016371072,28.881914238,433960.0,8.0,28.881934968,2.073E-5,7.98E-7,100.0,3.16E-7,0.0,3.5E-7,0.0,0.0,0.0,27.881934968,0.0,1.317212273E9,1.321652848E9,
32.60554845,2.0187E-5,0.015952394,33.605528263,515019.0,8.0,33.60554845,2.0187E-5,7.86E-7,100.0,3.26E-7,0.0,3.54E-7,0.0,0.0,0.0,32.60554845,0.0,1.294543647E9,1.298984222E9,
28.450335021,2.0502E-5,0.017739109,29.450314519,408282.0,8.0,29.450335021,2.0502E-5,8.94E-7,100.0,4.35E-7,0.0,4.84E-7,0.0,0.0,0.0,28.450335021,0.0,1.487529344E9,1.492134385E9,
26.495752028,2.4238E-5,0.025185462,27.49572779,1459051.0,6.0,27.495752028,2.4238E-5,9.07E-7,100.0,4.21E-7,0.0,5.11E-7,0.0,0.0,0.0,26.495752028,0.0,1.287865091E9,1.292470132E9,
32.308577924,2.618E-5,0.019505412,33.308551744,369902.0,8.0,33.308577924,2.618E-5,9.25E-7,100.0,4.21E-7,0.0,4.13E-7,0.0,0.0,0.0,32.308577924,0.0,1.562478491E9,1.567083532E9,
29.379750628,2.8386E-5,0.018845957,30.379722242,407635.0,8.0,30.379750628,2.8386E-5,8.46E-7,100.0,4.58E-7,0.0,7.51E-7,0.0,0.0,0.0,29.379750628,0.0,1.4709756E9,1.475580641E9,
22.86088346,1.899E-5,0.019408799,23.86086447,747391.0,7.0,23.86088346,1.899E-5,9.28E-7,100.0,4.67E-7,0.0,5.07E-7,0.0,0.0,0.0,22.86088346,0.0,1.346477428E9,1.351082469E9,
45.482002418,2.144E-5,0.006439299,46.481980978,4998467.0,4.0,46.482002418,2.144E-5,5.93E-7,100.0,2.94E-7,0.0,3.81E-7,0.0,0.0,0.0,45.482002418,0.0,1.270590758E9,1.275360264E9,
23.697734901,1.7458E-5,0.013619833,24.697717443,1186449.0,6.0,24.697734901,1.7458E-5,9.97E-7,100.0,4.77E-7,0.0,5.59E-7,0.0,0.0,0.0,23.697734901,0.0,1.492267962E9,1.497037468E9,
30.308445101,1.9308E-5,0.056203482,31.308425793,1459051.0,6.0,31.308445101,1.9308E-5,7.65E-7,100.0,2.95E-7,0.0,3.7E-7,0.0,0.0,0.0,30.308445101,0.0,1.288137349E9,1.292906855E9,
39.179682404,1.8074E-5,0.016318782,40.17966433,1186449.0,6.0,40.179682404,1.8074E-5,8.32E-7,100.0,2.81E-7,0.0,3.56E-7,0.0,0.0,0.0,39.179682404,0.0,1.489417182E9,1.494186688E9,
32.318451935,1.9044E-5,0.019274988,33.318432891,426263.0,8.0,33.318451935,1.9044E-5,8.09E-7,100.0,3.38E-7,0.0,3.83E-7,0.0,0.0,0.0,32.318451935,0.0,1.352429718E9,1.357199224E9,
26.361979989,1.8905E-5,0.018527369,27.361961084,338472.0,8.0,27.361979989,1.8905E-5,8.5E-7,100.0,3.52E-7,0.0,3.83E-7,0.0,0.0,0.0,26.361979989,0.0,1.43571146E9,1.440645432E9,
30.432542583,1.9412E-5,0.020466346,31.432523171,740931.0,7.0,31.432542583,1.9412E-5,8.61E-7,100.0,4.06E-7,0.0,5.0E-7,0.0,0.0,0.0,30.432542583,0.0,1.551296769E9,1.556230741E9,
23.143755325,3.1354E-5,0.020952568,24.143723971,107560.0,10.0,24.143755325,3.1354E-5,6.11E-7,100.0,3.98E-7,0.0,4.16E-7,0.0,0.0,0.0,23.143755325,0.0,1.596630846E9,1.5979711E9,
29.778787621,2.4957E-5,0.025886736,30.778762664,589930.0,7.0,30.778787621,2.4957E-5,8.0E-7,100.0,4.6E-7,0.0,5.31E-7,0.0,0.0,0.0,29.778787621,0.0,1.500573773E9,1.505507745E9,
27.18390619,2.6319E-5,0.022377143,28.183879871,741336.0,7.0,28.18390619,2.6319E-5,6.44E-7,100.0,2.72E-7,0.0,3.05E-7,0.0,0.0,0.0,27.18390619,0.0,1.467665635E9,1.472599607E9,
27.321272116,1.8364E-5,0.0164261,28.321253752,451324.0,7.0,28.321272116,1.8364E-5,8.78E-7,100.0,3.82E-7,0.0,3.91E-7,0.0,0.0,0.0,27.321272116,0.0,1.299125755E9,1.304224193E9,
31.341925269999997,2.8573E-5,0.018678314,32.341896697,445896.0,8.0,32.34192527,2.8573E-5,9.36E-7,100.0,4.89E-7,0.0,5.33E-7,0.0,0.0,0.0,31.341925269999997,0.0,1.486828869E9,1.491927307E9,
27.604817704,2.8135E-5,0.016948815,28.604789569,444413.0,8.0,28.604817704,2.8135E-5,9.18E-7,100.0,4.49E-7,0.0,5.06E-7,0.0,0.0,0.0,27.604817704,0.0,1.318350142E9,1.32344858E9,
25.695664777,2.4871E-5,0.039136349,26.695639906,1184750.0,6.0,26.695664777,2.4871E-5,7.69E-7,100.0,2.67E-7,0.0,3.21E-7,0.0,0.0,0.0,25.695664777,0.0,1.558168142E9,1.56326658E9,
29.371356141,1.9321E-5,0.014255198,30.37133682,1348221.0,7.0,30.371356141,1.9321E-5,8.98E-7,100.0,4.27E-7,0.0,5.04E-7,0.0,0.0,0.0,29.371356141,0.0,1.281037495E9,1.286135933E9,
25.510061195,2.9777E-5,0.015470194,26.510031418,910583.0,7.0,26.510061195,2.9777E-5,1.078E-6,100.0,4.57E-7,0.0,4.88E-7,0.0,0.0,0.0,25.510061195,0.0,1.29547632E9,1.300739224E9,
26.137183077,2.7493E-5,0.017672622,27.137155584,406581.0,8.0,27.137183077,2.7493E-5,6.32E-7,100.0,3.49E-7,0.0,3.42E-7,0.0,0.0,0.0,26.137183077,0.0,1.520890499E9,1.526153403E9,
26.413122899,1.9856E-5,0.015255966,27.413103043,446318.0,8.0,27.413122899,1.9856E-5,5.92E-7,100.0,2.82E-7,0.0,3.08E-7,0.0,0.0,0.0,26.413122899,0.0,1.587205664E9,1.592468568E9,
30.285749145,1.8326E-5,0.02044179,31.285730819,371200.0,8.0,31.285749145,1.8326E-5,8.81E-7,100.0,4.77E-7,0.0,5.14E-7,0.0,0.0,0.0,30.285749145,0.0,1.436801752E9,1.442064656E9,
27.437956566,2.4728E-5,0.01575975,28.437931838,1186449.0,6.0,28.437956566,2.4728E-5,1.055E-6,100.0,4.77E-7,0.0,6.2E-7,0.0,0.0,0.0,27.437956566,0.0,1.492418149E9,1.497681053E9,
29.564707588,3.2268E-5,0.021181149,30.56467532,593596.0,7.0,30.564707588,3.2268E-5,8.33E-7,100.0,4.76E-7,0.0,5.06E-7,0.0,0.0,0.0,29.564707588,0.0,1.463966252E9,1.469393621E9,
25.077469154,2.5616E-5,0.014706061,26.077443538,1459051.0,6.0,26.077469154,2.5616E-5,9.05E-7,100.0,3.91E-7,0.0,4.95E-7,0.0,0.0,0.0,25.077469154,0.0,1.289771962E9,1.295199331E9,
31.064946164,2.167E-5,0.009883501,32.064924494,4444811.0,4.0,32.064946164,2.167E-5,8.86E-7,100.0,4.12E-7,0.0,4.91E-7,0.0,0.0,0.0,31.064946164,0.0,1.405915382E9,1.411342751E9,
44.972741509,2.2046E-5,0.015637617,45.972719463,4998467.0,4.0,45.972741509,2.2046E-5,8.58E-7,100.0,4.16E-7,0.0,4.87E-7,0.0,0.0,0.0,44.972741509,0.0,1.271068982E9,1.276496351E9,
25.628618995,2.8711E-5,0.021445264,26.628590284,404680.0,8.0,26.628618995,2.8711E-5,9.16E-7,100.0,4.51E-7,0.0,5.04E-7,0.0,0.0,0.0,25.628618995,0.0,1.419556572E9,1.424983941E9,
29.316073146,2.7745E-5,0.018438972,30.316045401,425471.0,8.0,30.316073146,2.7745E-5,6.15E-7,100.0,3.22E-7,0.0,3.94E-7,0.0,0.0,0.0,29.316073146,0.0,1.512240494E9,1.517832329E9,
33.589346262,2.2253E-5,0.017690391,34.589324009,733009.0,7.0,34.589346262,2.2253E-5,8.22E-7,100.0,4.45E-7,0.0,5.44E-7,0.0,0.0,0.0,33.589346262,0.0,1.450865451E9,1.456457286E9,
28.5954361,1.9353E-5,0.014852111,29.595416747,589961.0,7.0,29.5954361,1.9353E-5,9.16E-7,100.0,4.31E-7,0.0,4.84E-7,0.0,0.0,0.0,28.5954361,0.0,1.330085531E9,1.335677366E9,
26.414068939,2.5558E-5,0.01775611,27.414043381,740398.0,7.0,27.414068939,2.5558E-5,9.56E-7,100.0,4.4E-7,0.0,5.12E-7,0.0,0.0,0.0,26.414068939,0.0,1.513961236E9,1.519553071E9,
32.792626563,2.7903E-5,0.018779117,33.79259866,481103.0,8.0,33.792626563,2.7903E-5,8.77E-7,100.0,4.09E-7,0.0,3.99E-7,0.0,0.0,0.0,32.792626563,0.0,1.510813457E9,1.516405292E9,
29.368208971,2.4209E-5,0.013931911,30.368184762,1191489.0,6.0,30.368208971,2.4209E-5,9.55E-7,100.0,4.64E-7,0.0,4.96E-7,0.0,0.0,0.0,29.368208971,0.0,1.386895397E9,1.392651698E9,
24.44175011,2.2143E-5,0.014635306,25.441727967,910583.0,7.0,25.44175011,2.2143E-5,5.88E-7,100.0,3.0E-7,0.0,3.73E-7,0.0,0.0,0.0,24.44175011,0.0,1.295467489E9,1.30122379E9,
27.446189851,2.1E-5,0.017219839,28.446168851,483187.0,8.0,28.446189851,2.1E-5,8.07E-7,100.0,5.68E-7,0.0,5.64E-7,0.0,0.0,0.0,27.446189851,0.0,1.587231557E9,1.592987858E9,
36.994619622,2.7327E-5,0.017828616,37.994592295,460235.0,8.0,37.994619622,2.7327E-5,7.64E-7,100.0,4.58E-7,0.0,4.53E-7,0.0,0.0,0.0,36.994619622,0.0,1.35220883E9,1.357965131E9,
25.849046898,2.0895E-5,0.016694446,26.849026003,428344.0,8.0,26.849046898,2.0895E-5,7.38E-7,100.0,5.15E-7,0.0,4.15E-7,0.0,0.0,0.0,25.849046898,0.0,1.579335556E9,1.585091857E9,
29.969725733,2.1224E-5,0.017706694,30.969704509,743089.0,7.0,30.969725733,2.1224E-5,7.63E-7,100.0,6.39E-7,0.0,4.13E-7,0.0,0.0,0.0,29.969725733,0.0,1.54624324E9,1.552164007E9,
26.269720104,2.1483E-5,0.016704568,27.269698621,442073.0,8.0,27.269720104,2.1483E-5,8.41E-7,100.0,5.24E-7,0.0,3.72E-7,0.0,0.0,0.0,26.269720104,0.0,1.31703024E9,1.322951007E9,
28.181400791,2.1148E-5,0.019318262,29.181379643,482519.0,8.0,29.181400791,2.1148E-5,9.0E-7,100.0,4.63E-7,0.0,5.45E-7,0.0,0.0,0.0,28.181400791,0.0,1.485700466E9,1.491621233E9,
25.210355201,2.7018E-5,0.070173732,26.210328183,678356.0,7.0,26.210355201,2.7018E-5,1.095E-6,100.0,4.94E-7,0.0,4.79E-7,0.0,0.0,0.0,25.210355201,0.0,1.417440283E9,1.42336105E9,
28.428304045,2.6164E-5,0.014779668,29.428277881,737704.0,7.0,29.428304045,2.6164E-5,7.58E-7,100.0,2.92E-7,0.0,3.46E-7,0.0,0.0,0.0,28.428304045,0.0,1.31642812E9,1.322348887E9,
29.400479064,1.9163E-5,0.013562999,30.400459901,1184135.0,6.0,30.400479064,1.9163E-5,7.65E-7,100.0,2.97E-7,0.0,3.44E-7,0.0,0.0,0.0,29.400479064,0.0,1.458811379E9,1.464896611E9,
28.098686057,1.8882E-5,0.017658192,29.098667175,593596.0,7.0,29.098686057,1.8882E-5,8.05E-7,100.0,4.67E-7,0.0,5.2E-7,0.0,0.0,0.0,28.098686057,0.0,1.46500891E9,1.471094142E9,
28.09378658,2.1958E-5,0.010579392,29.093764622,2237145.0,5.0,29.09378658,2.1958E-5,9.84E-7,100.0,4.47E-7,0.0,4.94E-7,0.0,0.0,0.0,28.09378658,0.0,1.438792326E9,1.444877558E9,
28.499146832,2.3162E-5,0.01524355,29.49912367,1140681.0,6.0,29.499146832,2.3162E-5,7.04E-7,100.0,4.21E-7,0.0,4.83E-7,0.0,0.0,0.0,28.499146832,0.0,1.356862063E9,1.362947295E9,
33.454606746,2.466E-5,0.014323644,34.454582086,738263.0,7.0,34.454606746,2.466E-5,8.29E-7,100.0,3.11E-7,0.0,3.69E-7,0.0,0.0,0.0,33.454606746,0.0,1.501244163E9,1.507329395E9,
29.233135262,1.9329E-5,0.024012345,30.233115933,679989.0,7.0,30.233135262,1.9329E-5,6.95E-7,100.0,2.84E-7,0.0,2.91E-7,0.0,0.0,0.0,29.233135262,0.0,1.412681977E9,1.418931675E9,
38.859056083,1.9046E-5,0.01448502,39.859037037,675474.0,7.0,39.859056083,1.9046E-5,7.83E-7,100.0,3.24E-7,0.0,3.84E-7,0.0,0.0,0.0,38.859056083,0.0,1.383870342E9,1.39012004E9,
31.722676369,1.6567E-5,0.00923808,32.722659802,4444811.0,4.0,32.722676369,1.6567E-5,7.75E-7,100.0,4.22E-7,0.0,5.01E-7,0.0,0.0,0.0,31.722676369,0.0,1.406157643E9,1.412407341E9,
32.322784811,2.3829E-5,0.014470209,33.322760982,1084871.0,6.0,33.322784811,2.3829E-5,7.8E-7,100.0,3.17E-7,0.0,3.49E-7,0.0,0.0,0.0,32.322784811,0.0,1.419882182E9,1.42613188E9,
27.905731334,2.0016E-5,0.019480394,28.905711318,481080.0,8.0,28.905731334,2.0016E-5,7.28E-7,100.0,5.55E-7,0.0,4.69E-7,0.0,0.0,0.0,27.905731334,0.0,1.493846813E9,1.500096511E9,
25.250715482,2.2563E-5,0.015871338,26.250692919,1182387.0,6.0,26.250715482,2.2563E-5,7.47E-7,100.0,3.97E-7,0.0,4.6E-7,0.0,0.0,0.0,25.250715482,0.0,1.522161602E9,1.528575766E9,
31.654232268,2.2709E-5,0.013536002,32.654209559,1459051.0,6.0,32.654232268,2.2709E-5,7.81E-7,100.0,3.94E-7,0.0,4.64E-7,0.0,0.0,0.0,31.654232268,0.0,1.289521489E9,1.295935653E9,
29.372690154,2.2976E-5,0.01425266,30.372667178,1184135.0,6.0,30.372690154,2.2976E-5,7.16E-7,100.0,4.15E-7,0.0,4.15E-7,0.0,0.0,0.0,29.372690154,0.0,1.456383271E9,1.462797435E9,
29.665989492,3.0028E-5,0.025884499,30.665959464,748769.0,7.0,30.665989492,3.0028E-5,8.38E-7,100.0,4.74E-7,0.0,5.84E-7,0.0,0.0,0.0,29.665989492,0.0,1.399353016E9,1.40576718E9,
32.875352015,2.3035E-5,0.011832141,33.87532898,2165844.0,5.0,33.875352015,2.3035E-5,8.42E-7,100.0,3.14E-7,0.0,3.62E-7,0.0,0.0,0.0,32.875352015,0.0,1.375158354E9,1.381572518E9,
28.025524934,2.02E-5,0.018004735,29.025504734,594065.0,7.0,29.025524934,2.02E-5,7.61E-7,100.0,2.99E-7,0.0,3.7E-7,0.0,0.0,0.0,28.025524934,0.0,1.548832632E9,1.555411262E9,
24.148851632,1.8142E-5,0.012655419,25.14883349,1181844.0,6.0,25.148851632,1.8142E-5,5.39E-7,100.0,3.11E-7,0.0,3.5E-7,0.0,0.0,0.0,24.148851632,0.0,1.321248801E9,1.327827431E9,
30.092038853,1.8486E-5,0.015409639,31.092020367,887031.0,6.0,31.092038853,1.8486E-5,8.52E-7,100.0,4.3E-7,0.0,4.05E-7,0.0,0.0,0.0,30.092038853,0.0,1.591948947E9,1.5979711E9,
25.319547068,2.4832E-5,0.014627745,26.319522236,1084871.0,6.0,26.319547068,2.4832E-5,1.084E-6,100.0,4.15E-7,0.0,4.59E-7,0.0,0.0,0.0,25.319547068,0.0,1.425674126E9,1.432252756E9,
27.351304334,2.898E-5,0.016773278,28.351275354,511017.0,8.0,28.351304334,2.898E-5,7.87E-7,100.0,3.16E-7,0.0,3.75E-7,0.0,0.0,0.0,27.351304334,0.0,1.486410861E9,1.492989491E9,
