0.0020443684804145198
0.0018879842072757928
0.0019850596024883977
0.0018369129127790871
0.0020395386063303935
0.0019816312301447698
0.0019662938577141424
0.00199491162991537
0.0018952071274278726
0.0019090570473259526
0.001913035458931541
0.0018185685381034618
0.001863530524010476
0.0017432360906069096
0.001752627375836624
0.0020115525163904835
0.0019963445503594496
0.002015004811988188
0.0020032954274125728
0.0018967352211517788
0.0019921212182667817
0.00172169269004731
0.0021022215053274947
0.0018532981337358663
0.0017704719503680495
0.0018089483055446945
0.0019172675771074229
0.0018934905048314952
0.0018226342816077185
0.001964492394883605
0.0019363331462338537
0.003112606799417201
0.0038750648303281696
0.0028075512203537796
0.0019910271841928158
0.0018928522156397844
0.0018929776961873039
0.0018115799184870815
0.001961180269211731
0.002046530118853881
0.001950407293875706
0.0017740603583456416
0.00184532543987756
0.0016433481763178236
0.0018454776774593225
0.0019070689125790874
0.0016274933448106551
0.001708116408990591
0.0016650724983615017
0.0017023705436354565
