0.481134268,445.0,14.485313832,100.0,5.870600775,26761.0,14.877241676,71659.0,0.0,57.0,123.65544820720565,
0.096611192,243.0,12.149525874,100.0,6.812544891,26761.0,13.56192818,71659.0,0.0,124.0,263.9404980917784,
0.076310397,223.0,13.911318033,100.0,5.567296438,26761.0,14.659299769,71659.0,0.0,42.0,366.41958439173374,
0.091994583,223.0,13.889446983,100.0,5.74312027,26761.0,13.326192152,71659.0,0.0,58.0,320.69741043144893,
0.059513145,220.0,15.893080632,100.0,5.562722146,26761.0,15.066587853,71659.0,0.0,43.0,335.5058347758667,
0.068055175,177.0,14.960356113,100.0,5.255693597,26761.0,14.227569087,71659.0,0.0,15.0,452.25092709033817,
0.06515494,288.0,10.891896317,100.0,5.431193938,26761.0,15.090822896,71659.0,0.0,45.0,178.29625706566983,
0.041703367,225.0,10.924201653,100.0,6.480129008,26761.0,15.663413007,71659.0,0.0,46.0,351.8470297742667,
0.108728063,290.0,14.894410187,100.0,6.085608345,26761.0,16.821577513,71659.0,0.0,54.0,151.9721863078866,
0.056827672,223.0,13.954482578,100.0,6.114993135,26761.0,16.988219327,71659.0,0.0,40.0,369.04505016354943,
0.017794838,10.0,13.859102047,100.0,6.018434026,26761.0,16.667032999,71659.0,0.0,3.0,670.866067459495,
0.209744004,609.0,14.909479455,100.0,6.239261696,26761.0,16.540557073,71659.0,0.0,118.0,57.48057621830467,
0.162298768,556.0,10.977284246,100.0,6.584108553,26761.0,16.790132736,71659.0,0.0,97.0,34.34470866607506,
0.224145824,454.0,13.875519018,100.0,6.067106649,26761.0,16.705886533,71659.0,0.0,3.0,2.8577163668806005,
0.018778342,9.0,13.880948047,100.0,6.466774698,26761.0,15.837931452,71659.0,0.0,1.0,619.3166035029124,
0.019280929,13.0,13.986944235,100.0,5.789541098,26761.0,12.848928031,71659.0,0.0,2.0,557.4611250043007,
0.017221745,11.0,14.058849435,100.0,5.541464671,26761.0,14.023732509,71659.0,0.0,2.0,542.0097524288126,
0.10386196,262.0,10.871892658,100.0,5.751116641,26761.0,16.137681159,71659.0,0.0,60.0,204.82615790095895,
0.017539575,9.0,12.864494788,100.0,6.451121708,26761.0,17.026072391,71659.0,0.0,2.0,544.9270434655459,
0.017969022,9.0,13.896715444,100.0,6.259484034,26761.0,17.190362255,71659.0,0.0,2.0,625.8875941076532,
0.090544737,276.0,10.932007809,100.0,6.603523093,26761.0,16.424780574,71659.0,0.0,49.0,157.5151865641218,
0.02209899,9.0,10.92536317,100.0,6.737954507,26761.0,16.517836711,71659.0,0.0,2.0,555.669936441031,
0.0491238,183.0,13.905780872,100.0,6.13987921,26761.0,16.456524606,71659.0,0.0,21.0,424.37169970489043,
0.092151112,269.0,10.896592785,100.0,6.39954369,26761.0,15.882195903,71659.0,0.0,86.0,212.73855930667443,
0.009871032,22.0,14.900325613,100.0,6.482974499,26761.0,17.034773591,71659.0,0.0,3.0,674.6755465858588,
0.048648594,262.0,13.873396795,100.0,5.937212055,26761.0,16.194336817,71659.0,0.0,129.0,253.17554604323047,
0.007897106,9.0,13.878380527,100.0,5.744733564,26761.0,14.699346328,71659.0,0.0,1.0,603.4994738197925,
0.064080096,223.0,12.961349174,100.0,5.260510764,26761.0,15.537344177,71659.0,0.0,39.0,373.3794318336045,
0.078742521,220.0,14.160756558,100.0,6.483553035,26761.0,16.648906786,71659.0,0.0,46.0,342.91125109460444,
0.009358914,9.0,13.891291803,100.0,6.173817146,26761.0,16.552296642,71659.0,0.0,5.0,523.7413242248695,
0.007999312,10.0,13.943352386,100.0,6.587046372,26761.0,16.41523904,71659.0,0.0,3.0,652.0842269822817,
0.127082942,489.0,13.901690903,100.0,6.334095023,26761.0,15.926567869,71659.0,0.0,103.0,86.0711838846306,
0.082928127,188.0,13.915613703,100.0,6.416637389,26761.0,16.396619842,71659.0,0.0,25.0,415.4305731834355,
0.065934778,179.0,10.943748391,100.0,6.220003388,26761.0,17.193203476,71659.0,0.0,30.0,395.015269303179,
0.06572631,175.0,14.909271706,100.0,6.506166359,26761.0,16.638002651,71659.0,0.0,10.0,491.0808869003542,
0.069803432,514.0,13.819166426,100.0,6.572857536,26761.0,15.474779137,71659.0,0.0,25.0,16.719984451979855,
0.080041635,281.0,17.000503284,100.0,5.914314765,26761.0,14.074626634,71659.0,0.0,41.0,174.52729535776047,
0.07797674,243.0,13.896845225,100.0,5.230498054,26761.0,14.252542129,71659.0,0.0,124.0,261.3847047131982,
0.050234186,270.0,10.895240477,100.0,5.957636857,26761.0,14.085927144,71659.0,0.0,100.0,230.21038687693914,
0.023316338,9.0,13.007985057,100.0,5.70115511,26761.0,13.864440677,71659.0,0.0,1.0,590.4589022781926,
0.009419108,9.0,13.897663988,100.0,5.854232614,26761.0,14.259373272,71659.0,0.0,3.0,664.1804705442268,
0.008435834,9.0,11.886945627,100.0,6.521409003,26761.0,17.173591749,71659.0,0.0,3.0,650.0535844177191,
0.077118568,223.0,14.572709925,100.0,6.538345061,26761.0,16.896287725,71659.0,0.0,40.0,371.23630261261377,
0.099075144,288.0,13.872595543,100.0,6.514298241,26761.0,16.995809532,71659.0,0.0,52.0,191.25410934750147,
0.113608372,516.0,13.901034603,100.0,6.409486976,26761.0,16.464933825,71659.0,0.0,103.0,88.30743334031976,
0.096479678,426.0,11.871421569,100.0,6.635647629,26761.0,17.178527595,71659.0,0.0,59.0,112.66929054046037,
0.016700736,12.0,13.882645907,100.0,6.660073802,26761.0,17.084301654,71659.0,0.0,1.0,601.0846031640722,
0.061146443,177.0,14.884853534,100.0,6.662767265,26761.0,17.419518058,71659.0,0.0,15.0,453.5800539533351,
0.017760823,11.0,10.865262795,100.0,6.602599746,26761.0,17.420703427,71659.0,0.0,3.0,532.4347128813828,
0.068372673,183.0,13.875360655,100.0,5.38676368,26761.0,13.987153682,71659.0,0.0,15.0,465.9378892984802,
0.062987042,237.0,14.92566807,100.0,5.358208224,26761.0,14.431712976,71659.0,0.0,68.0,318.9972397108669,
0.019436525,10.0,11.09680473,100.0,5.823527417,26761.0,14.074937135,71659.0,0.0,1.0,594.3091140417234,
0.013429753,11.0,10.951085372,100.0,5.496806481,26761.0,13.342650858,71659.0,0.0,1.0,617.2160005235239,
0.020053803,9.0,11.917822329,100.0,4.652369813,26761.0,12.990344651,71659.0,0.0,3.0,644.3931400135297,
0.042690789,236.0,10.951981021,100.0,5.710500032,26761.0,14.503736073,71659.0,0.0,68.0,313.1994070173055,
0.018467522,9.0,13.920969998,100.0,6.291376976,26761.0,17.119171422,71659.0,0.0,3.0,638.3131941922604,
0.150473036,550.0,10.909029157,100.0,6.467913438,26761.0,17.174325676,71659.0,0.0,118.0,54.14005885385497,
0.091213424,277.0,11.955431342,100.0,6.392733991,26761.0,16.675345385,71659.0,0.0,56.0,129.46079360707716,
0.140518978,465.0,10.909698951,100.0,6.267514665,26761.0,16.679433949,71659.0,0.0,62.0,105.09910611112515,
0.075684582,243.0,13.865207376,100.0,6.371892187,26761.0,16.785171124,71659.0,0.0,128.0,257.87606321003994,
0.126064734,449.0,13.923343661,100.0,6.675252511,26761.0,17.069952239,71659.0,0.0,57.0,126.93562914568307,
0.017126011,9.0,12.08913789,100.0,6.580729116,26761.0,16.997519884,71659.0,0.0,1.0,561.187006402544,
0.070591713,179.0,13.899182514,100.0,6.705850404,26761.0,17.105385701,71659.0,0.0,10.0,492.82695375721903,
0.083782638,269.0,13.870783029,100.0,5.622192272,26761.0,13.649188012,71659.0,0.0,86.0,213.86694700979797,
0.054481914,175.0,13.905256185,100.0,5.6237716,26761.0,13.498259714,71659.0,0.0,8.0,506.59462736244313,
0.012273086,10.0,10.88044369,100.0,5.708890629,26761.0,14.352336625,71659.0,0.0,1.0,562.4756004013608,
0.014878045,10.0,12.921037949,100.0,5.739637456,26761.0,14.357823225,71659.0,0.0,3.0,670.9632546912479,
0.238615843,782.0,16.051861782,100.0,5.851109288,26761.0,14.394799531,71659.0,0.0,25.0,15.727213052568407,
0.075051383,273.0,11.935701779,100.0,5.475534454,26761.0,15.423814483,71659.0,0.0,60.0,203.5987683375629,
0.086657481,269.0,13.919220999,100.0,6.54828294,26761.0,16.997814355,71659.0,0.0,72.0,210.40567194610065,
0.093812607,300.0,10.942270181,100.0,6.352699279,26761.0,16.640601593,71659.0,0.0,64.0,139.58814589605709,
0.079305814,239.0,11.927490444,100.0,6.451813954,26761.0,14.813542782,71659.0,0.0,102.0,287.67396185560904,
0.161048436,698.0,13.894893673,100.0,6.305844826,26761.0,17.034641486,71659.0,0.0,89.0,27.848720324796844,
0.007193279,10.0,13.994983071,100.0,6.324930971,26761.0,17.058257397,71659.0,0.0,3.0,655.1777546174918,
0.018254889,9.0,11.317911207,100.0,5.069996679,26761.0,17.065577051,71659.0,0.0,1.0,603.3299389438231,
0.086589774,270.0,10.876830579,100.0,6.474296803,26761.0,17.294368449,71659.0,0.0,120.0,240.12549865089488,
0.088915291,290.0,13.952690101,100.0,6.549835026,26761.0,17.414013178,71659.0,0.0,58.0,144.9594338331625,
0.044066742,179.0,13.829552007,100.0,5.446126164,26761.0,14.233622936,71659.0,0.0,30.0,394.46321720796334,
0.041177909,179.0,11.88722684,100.0,5.810216999,26761.0,14.413655723,71659.0,0.0,11.0,479.87585649676333,
0.039295698,237.0,10.976477506,100.0,5.388233432,26761.0,14.480456271,71659.0,0.0,68.0,318.2052708476038,
0.090689179,498.0,10.894829423,100.0,5.797773081,26761.0,14.81833982,71659.0,0.0,140.0,66.99873762217841,
0.076668619,234.0,11.94155354,100.0,5.553093048,26761.0,14.305701651,71659.0,0.0,90.0,299.4079351331817,
0.137900418,449.0,14.002065828,100.0,5.656291506,26761.0,15.26070331,71659.0,0.0,56.0,127.44823312299391,
0.138679541,463.0,13.898863629,100.0,6.156043658,26761.0,17.079690767,71659.0,0.0,12.0,13.282823231827896,
0.048734332,243.0,13.89788695,100.0,6.366750619,26761.0,16.986562775,71659.0,0.0,128.0,256.4109004159387,
0.020294797,10.0,11.279374957,100.0,6.497889769,26761.0,17.096737217,71659.0,0.0,3.0,658.2683344407815,
0.069216029,226.0,11.254351451,100.0,6.547766265,26761.0,17.167881887,71659.0,0.0,39.0,382.03838461726826,
0.017780497,9.0,13.945098476,100.0,6.570299544,26761.0,16.652983924,71659.0,0.0,2.0,538.8613052840201,
0.077704072,238.0,10.862789642,100.0,6.654388347,26761.0,15.933497675,71659.0,0.0,96.0,293.7804508816768,
0.065004321,177.0,13.915972727,100.0,6.627468137,26761.0,17.280986397,71659.0,0.0,15.0,454.63368562539586,
0.095996163,290.0,13.864063751,100.0,6.61183733,26761.0,16.789196618,71659.0,0.0,58.0,147.72957176142307,
0.020514754,10.0,13.932789761,100.0,5.677665398,26761.0,13.39721989,71659.0,0.0,3.0,668.7229888414374,
0.040687029,177.0,10.898506605,100.0,5.487037762,26761.0,13.250620326,71659.0,0.0,8.0,503.256025541533,
0.094330932,589.0,10.928525258,100.0,5.76196677,26761.0,14.539469934,71659.0,0.0,89.0,29.41608999642018,
0.07747683,223.0,10.899659945,100.0,4.999771697,26761.0,14.435241147,71659.0,0.0,40.0,367.2293683392613,
0.012347542,9.0,10.934656258,100.0,5.768649444,26761.0,14.848588741,71659.0,0.0,1.0,593.0958631131745,
0.017630448,10.0,10.991832338,100.0,5.580862386,26761.0,16.091795769,71659.0,0.0,0.0,563.8677836972847,
0.01862379,9.0,13.902449092,100.0,6.45888076,26761.0,17.266174102,71659.0,0.0,1.0,589.2652457686779,
0.073577809,222.0,11.878442369,100.0,6.363875963,26761.0,16.685068642,71659.0,0.0,46.0,354.77073507803436,
0.061570725,179.0,14.95331473,100.0,6.271662188,26761.0,16.736467967,71659.0,0.0,10.0,487.70561710533315,
