28.422247107,1.37794E-4,0.070457331,29.422109313,5979.0,14.0,29.422247107,1.37794E-4,3.26E-6,100.0,5.08E-7,0.0,4.6E-7,0.0,0.0,0.0,28.422247107,0.0,1.531865334E9,1.53193112E9,
24.692381868,9.0868E-5,0.029282176,25.692291,148285.0,9.0,25.692381868,9.0868E-5,6.11E-7,100.0,3.61E-7,0.0,3.78E-7,0.0,0.0,0.0,24.692381868,0.0,1.323282467E9,1.323348253E9,
21.034191424,1.07721E-4,0.044719198,22.034083703,7098.0,14.0,22.034191424,1.07721E-4,7.74E-7,100.0,3.16E-7,0.0,3.6E-7,0.0,0.0,0.0,21.034191424,0.0,1.502673977E9,1.502739763E9,
20.770376735,7.7128E-5,0.040546647,21.770299607,17737.0,12.0,21.770376735,7.7128E-5,9.42E-7,100.0,4.84E-7,0.0,5.53E-7,0.0,0.0,0.0,20.770376735,0.0,1.41265459E9,1.412720376E9,
20.57866154,1.34557E-4,0.034485374,21.578526983,6721.0,14.0,21.57866154,1.34557E-4,7.48E-7,100.0,2.97E-7,0.0,3.69E-7,0.0,0.0,0.0,20.57866154,0.0,1.46701754E9,1.467083326E9,
22.157482202,7.7248E-5,0.026275334,23.157404954,18539.0,12.0,23.157482202,7.7248E-5,7.15E-7,100.0,4.23E-7,0.0,4.51E-7,0.0,0.0,0.0,22.157482202,0.0,1.330823949E9,1.330955521E9,
23.940072255,1.18843E-4,0.025845253,24.939953412,31026.0,12.0,24.940072255,1.18843E-4,8.78E-7,100.0,4.67E-7,0.0,4.41E-7,0.0,0.0,0.0,23.940072255,0.0,1.280468124E9,1.280599696E9,
20.032223591,8.342E-5,0.027918803,21.032140171,18799.0,12.0,21.032223591,8.342E-5,6.16E-7,100.0,3.19E-7,0.0,3.45E-7,0.0,0.0,0.0,20.032223591,0.0,1.5001409E9,1.500272472E9,
23.232590219,5.0729E-5,0.03243448,24.23253949,18959.0,12.0,24.232590219,5.0729E-5,8.64E-7,100.0,5.2E-7,0.0,5.5E-7,0.0,0.0,0.0,23.232590219,0.0,1.560499204E9,1.560630776E9,
19.269070925,5.4611E-5,0.034724801,20.269016314,11912.0,13.0,20.269070925,5.4611E-5,7.92E-7,100.0,3.06E-7,0.0,3.37E-7,0.0,0.0,0.0,19.269070925,0.0,1.512377095E9,1.512508667E9,
23.054022922,4.9087E-5,0.024735572,24.053973835,36184.0,11.0,24.054022922,4.9087E-5,1.181E-6,100.0,5.66E-7,0.0,5.82E-7,0.0,0.0,0.0,23.054022922,0.0,1.306968016E9,1.307165374E9,
22.359184763,1.15924E-4,0.030330008,23.359068839,109399.0,12.0,23.359184763,1.15924E-4,7.21E-7,100.0,4.2E-7,0.0,4.42E-7,0.0,0.0,0.0,22.359184763,0.0,1.276237534E9,1.276434892E9,
27.375785535,4.8254E-5,0.01189624,28.375737281,2165844.0,5.0,28.375785535,4.8254E-5,7.79E-7,100.0,3.01E-7,0.0,3.42E-7,0.0,0.0,0.0,27.375785535,0.0,1.375548146E9,1.375745504E9,
23.117036058,5.0706E-5,0.02122631,24.116985352,147562.0,9.0,24.117036058,5.0706E-5,7.55E-7,100.0,3.08E-7,0.0,3.41E-7,0.0,0.0,0.0,23.117036058,0.0,1.553803682E9,1.55400104E9,
18.574471721,5.571E-5,0.028372697,19.574416011,23054.0,12.0,19.574471721,5.571E-5,6.62E-7,100.0,3.79E-7,0.0,4.16E-7,0.0,0.0,0.0,18.574471721,0.0,1.526837895E9,1.527035253E9,
25.653478377,6.9188E-5,0.033180652,26.653409189,25189.0,12.0,26.653478377,6.9188E-5,5.79E-7,100.0,3.23E-7,0.0,3.53E-7,0.0,0.0,0.0,25.653478377,0.0,1.299211711E9,1.299474856E9,
23.550321034,4.4672E-5,0.028639991,24.550276362,42492.0,12.0,24.550321034,4.4672E-5,7.75E-7,100.0,3.56E-7,0.0,4.03E-7,0.0,0.0,0.0,23.550321034,0.0,1.285060826E9,1.285323971E9,
21.402400631,4.4462E-5,0.022939505,22.402356169,36844.0,11.0,22.402400631,4.4462E-5,6.28E-7,100.0,3.38E-7,0.0,6.22E-7,0.0,0.0,0.0,21.402400631,0.0,1.534541824E9,1.534804969E9,
21.508367727,4.3548E-5,0.040105959,22.508324179,21114.0,12.0,22.508367727,4.3548E-5,8.61E-7,100.0,3.45E-7,0.0,3.96E-7,0.0,0.0,0.0,21.508367727,0.0,1.378457103E9,1.378720248E9,
21.340744177,4.4406E-5,0.025314405,22.340699771,36682.0,11.0,22.340744177,4.4406E-5,9.25E-7,100.0,5.16E-7,0.0,5.22E-7,0.0,0.0,0.0,21.340744177,0.0,1.314133052E9,1.314396197E9,
24.040498016,3.8225E-5,0.022376238,25.040459791,148378.0,9.0,25.040498016,3.8225E-5,9.34E-7,100.0,4.72E-7,0.0,4.42E-7,0.0,0.0,0.0,24.040498016,0.0,1.343959906E9,1.344288837E9,
25.320071465,6.3067E-5,0.555848609,26.320008398,37019.0,11.0,26.320071465,6.3067E-5,7.47E-7,100.0,2.91E-7,0.0,3.42E-7,0.0,0.0,0.0,25.320071465,0.0,1.473583068E9,1.473911999E9,
24.659913283,4.3881E-5,0.021758614,25.659869402,46629.0,11.0,25.659913283,4.3881E-5,7.28E-7,100.0,5.35E-7,0.0,4.84E-7,0.0,0.0,0.0,24.659913283,0.0,1.339281591E9,1.339610522E9,
21.20350138,4.5824E-5,0.025828471,22.203455556,27479.0,12.0,22.20350138,4.5824E-5,7.63E-7,100.0,3.41E-7,0.0,4.02E-7,0.0,0.0,0.0,21.20350138,0.0,1.302923464E9,1.303252395E9,
24.530035627,4.9077E-5,0.027066631,25.52998655,37369.0,11.0,25.530035627,4.9077E-5,7.61E-7,100.0,3.12E-7,0.0,3.79E-7,0.0,0.0,0.0,24.530035627,0.0,1.513495853E9,1.513824784E9,
25.570149085,4.1703E-5,0.024137858,26.570107382,74906.0,10.0,26.570149085,4.1703E-5,7.79E-7,100.0,6.09E-7,0.0,6.81E-7,0.0,0.0,0.0,25.570149085,0.0,1.321971199E9,1.322365916E9,
24.796722275,4.3246E-5,0.046872836,25.796679029,42207.0,11.0,25.796722275,4.3246E-5,6.37E-7,100.0,4.03E-7,0.0,4.32E-7,0.0,0.0,0.0,24.796722275,0.0,1.417020366E9,1.417415083E9,
24.042990376,6.8156E-5,0.024383893,25.04292222,37156.0,11.0,25.042990376,6.8156E-5,5.98E-7,100.0,3.7E-7,0.0,5.3E-7,0.0,0.0,0.0,24.042990376,0.0,1.554345926E9,1.554740643E9,
25.480212626,3.8778E-5,0.019688974,26.480173848,67129.0,10.0,26.480212626,3.8778E-5,7.7E-7,100.0,3.81E-7,0.0,3.67E-7,0.0,0.0,0.0,25.480212626,0.0,1.409979471E9,1.410374188E9,
24.58102672,4.1266E-5,0.020436719,25.580985454,73708.0,10.0,25.58102672,4.1266E-5,7.65E-7,100.0,4.76E-7,0.0,5.16E-7,0.0,0.0,0.0,24.58102672,0.0,1.594566125E9,1.594960842E9,
25.579503815,4.1713E-5,0.038932719,26.579462102,42033.0,11.0,26.579503815,4.1713E-5,1.04E-6,100.0,4.6E-7,0.0,5.48E-7,0.0,0.0,0.0,25.579503815,0.0,1.390594689E9,1.391055193E9,
22.069133833,4.6829E-5,0.022621366,23.069087004,33787.0,12.0,23.069133833,4.6829E-5,8.57E-7,100.0,4.13E-7,0.0,4.45E-7,0.0,0.0,0.0,22.069133833,0.0,1.327519835E9,1.327980339E9,
20.869060039,6.6833E-5,0.019450691,21.868993206,40784.0,11.0,21.869060039,6.6833E-5,6.03E-7,100.0,3.06E-7,0.0,3.57E-7,0.0,0.0,0.0,20.869060039,0.0,1.29191652E9,1.292377024E9,
25.475182958,5.7385E-5,0.021326511,26.475125573,74109.0,10.0,26.475182958,5.7385E-5,6.08E-7,100.0,3.41E-7,0.0,3.78E-7,0.0,0.0,0.0,25.475182958,0.0,1.542252556E9,1.54271306E9,
26.498738387,4.4347E-5,0.037679816,27.49869404,80620.0,12.0,27.498738387,4.4347E-5,8.54E-7,100.0,3.33E-7,0.0,4.08E-7,0.0,0.0,0.0,26.498738387,0.0,1.283516934E9,1.283977438E9,
24.087945121,4.3375E-5,0.021546115,25.087901746,46996.0,11.0,25.087945121,4.3375E-5,7.64E-7,100.0,3.3E-7,0.0,3.71E-7,0.0,0.0,0.0,24.087945121,0.0,1.482859193E9,1.483385483E9,
29.697610114,7.208E-5,0.031572158,30.697538034,67129.0,10.0,30.697610114,7.208E-5,6.5E-7,100.0,6.9E-7,0.0,3.74E-7,0.0,0.0,0.0,29.697610114,0.0,1.410214591E9,1.410740881E9,
22.853719519,3.8606E-5,0.023452346,23.853680913,73355.0,10.0,23.853719519,3.8606E-5,7.83E-7,100.0,3.05E-7,0.0,3.37E-7,0.0,0.0,0.0,22.853719519,0.0,1.477283138E9,1.477809428E9,
23.870150625,3.1638E-5,0.022200159,24.870118987,79387.0,10.0,24.870150625,3.1638E-5,8.16E-7,100.0,3.39E-7,0.0,3.71E-7,0.0,0.0,0.0,23.870150625,0.0,1.395534001E9,1.396060291E9,
25.390983237,2.2872E-5,0.022745086,26.390960365,74109.0,10.0,26.390983237,2.2872E-5,7.61E-7,100.0,3.43E-7,0.0,3.8E-7,0.0,0.0,0.0,25.390983237,0.0,1.54223321E9,1.5427595E9,
27.512592747,3.3429E-5,0.026362764,28.512559318,46359.0,11.0,28.512592747,3.3429E-5,7.2E-7,100.0,7.92E-7,0.0,4.96E-7,0.0,0.0,0.0,27.512592747,0.0,1.559425151E9,1.560017227E9,
27.093592265,2.8808E-5,0.018120079,28.093563457,84830.0,10.0,28.093592265,2.8808E-5,7.82E-7,100.0,3.26E-7,0.0,3.54E-7,0.0,0.0,0.0,27.093592265,0.0,1.409769274E9,1.41036135E9,
24.945448964,2.3554E-5,0.019384514,25.94542541,50273.0,11.0,25.945448964,2.3554E-5,7.59E-7,100.0,3.17E-7,0.0,3.24E-7,0.0,0.0,0.0,24.945448964,0.0,1.331771868E9,1.332363944E9,
27.32770326,2.3437E-5,0.021628938,28.327679823,199049.0,11.0,28.32770326,2.3437E-5,5.26E-7,100.0,2.66E-7,0.0,3.13E-7,0.0,0.0,0.0,27.32770326,0.0,1.276138833E9,1.276730909E9,
23.269682034,2.1006E-5,0.023733975,24.269661028,49807.0,11.0,24.269682034,2.1006E-5,8.39E-7,100.0,2.89E-7,0.0,3.45E-7,0.0,0.0,0.0,23.269682034,0.0,1.553021607E9,1.553613683E9,
20.381923734,2.9569E-5,0.020914148,21.381894165,147278.0,9.0,21.381923734,2.9569E-5,5.99E-7,100.0,2.95E-7,0.0,5.12E-7,0.0,0.0,0.0,20.381923734,0.0,1.503647336E9,1.504305199E9,
27.647541161,1.8925E-5,0.021551289,28.647522236,147657.0,9.0,28.647541161,1.8925E-5,7.44E-7,100.0,4.76E-7,0.0,5.95E-7,0.0,0.0,0.0,27.647541161,0.0,1.45723323E9,1.457891093E9,
22.887924926,2.0859E-5,0.02028897,23.887904067,85155.0,10.0,23.887924926,2.0859E-5,8.31E-7,100.0,5.05E-7,0.0,5.48E-7,0.0,0.0,0.0,22.887924926,0.0,1.366273286E9,1.366931149E9,
23.416325613,2.1204E-5,0.019662009,24.416304409,74101.0,10.0,24.416325613,2.1204E-5,8.5E-7,100.0,4.01E-7,0.0,5.01E-7,0.0,0.0,0.0,23.416325613,0.0,1.336469635E9,1.337127498E9,
24.223640338,3.0099E-5,0.034662196,25.223610239,73105.0,10.0,25.223640338,3.0099E-5,6.35E-7,100.0,3.76E-7,0.0,4.54E-7,0.0,0.0,0.0,24.223640338,0.0,1.347097052E9,1.347754915E9,
25.071041294,2.7066E-5,0.018917421,26.071014228,107505.0,10.0,26.071041294,2.7066E-5,4.45E-7,100.0,3.18E-7,0.0,3.66E-7,0.0,0.0,0.0,25.071041294,0.0,1.292833842E9,1.293557491E9,
29.411343246,1.8119E-5,0.015658113,30.411325127,1184750.0,6.0,30.411343246,1.8119E-5,5.65E-7,100.0,2.74E-7,0.0,2.76E-7,0.0,0.0,0.0,29.411343246,0.0,1.559730597E9,1.560454246E9,
22.50611861,1.8753E-5,0.019023278,23.506099857,148880.0,9.0,23.50611861,1.8753E-5,6.06E-7,100.0,2.83E-7,0.0,3.48E-7,0.0,0.0,0.0,22.50611861,0.0,1.482291141E9,1.48301479E9,
22.910685015,2.0319E-5,0.058661632,23.910664696,92128.0,10.0,23.910685015,2.0319E-5,1.019E-6,100.0,5.1E-7,0.0,5.4E-7,0.0,0.0,0.0,22.910685015,0.0,1.495699849E9,1.496423498E9,
23.188649071,3.1199E-5,0.023189554,24.188617872,67762.0,10.0,24.188649071,3.1199E-5,9.04E-7,100.0,4.5E-7,0.0,5.0E-7,0.0,0.0,0.0,23.188649071,0.0,1.437158622E9,1.437882271E9,
22.17609746,3.1668E-5,0.020087818,23.176065792,91538.0,10.0,23.17609746,3.1668E-5,7.48E-7,100.0,3.07E-7,0.0,3.44E-7,0.0,0.0,0.0,22.17609746,0.0,1.569545141E9,1.570334576E9,
24.150690643,2.2705E-5,0.027739057,25.150667938,92295.0,10.0,25.150690643,2.2705E-5,7.69E-7,100.0,3.21E-7,0.0,3.53E-7,0.0,0.0,0.0,24.150690643,0.0,1.342445282E9,1.343234717E9,
25.326623113,2.3689E-5,0.02096347,26.326599424,63090.0,11.0,26.326623113,2.3689E-5,7.53E-7,100.0,3.2E-7,0.0,3.81E-7,0.0,0.0,0.0,25.326623113,0.0,1.595969241E9,1.596758676E9,
26.329446058,2.2653E-5,0.068628717,27.329423405,241767.0,10.0,27.329446058,2.2653E-5,8.34E-7,100.0,3.7E-7,0.0,4.05E-7,0.0,0.0,0.0,26.329446058,0.0,1.279640479E9,1.280429914E9,
23.894633367,2.9428E-5,0.032049683,24.894603939,57240.0,11.0,24.894633367,2.9428E-5,7.53E-7,100.0,3.04E-7,0.0,4.14E-7,0.0,0.0,0.0,23.894633367,0.0,1.365302377E9,1.366091812E9,
25.287664132,1.9682E-5,0.020134227,26.28764445,595787.0,7.0,26.287664132,1.9682E-5,8.55E-7,100.0,4.82E-7,0.0,5.63E-7,0.0,0.0,0.0,25.287664132,0.0,1.585312039E9,1.58616726E9,
31.8181558,2.8109E-5,0.022175344,32.818127691,91923.0,10.0,32.8181558,2.8109E-5,6.57E-7,100.0,3.9E-7,0.0,4.39E-7,0.0,0.0,0.0,31.8181558,0.0,1.472590164E9,1.473445385E9,
29.377708169,3.0362E-5,0.015747301,30.377677807,451324.0,7.0,30.377708169,3.0362E-5,7.73E-7,100.0,3.09E-7,0.0,3.41E-7,0.0,0.0,0.0,29.377708169,0.0,1.299994013E9,1.300849234E9,
24.623825985,2.0101E-5,0.021617414,25.623805884,380753.0,8.0,25.623825985,2.0101E-5,1.098E-6,100.0,4.75E-7,0.0,5.27E-7,0.0,0.0,0.0,24.623825985,0.0,1.396210367E9,1.397065588E9,
22.676452754,2.3394E-5,0.020534022,23.67642936,84780.0,10.0,23.676452754,2.3394E-5,5.8E-7,100.0,3.1E-7,0.0,4.52E-7,0.0,0.0,0.0,22.676452754,0.0,1.403449811E9,1.404305032E9,
21.53706418,2.9097E-5,0.02236856,22.537035083,85073.0,10.0,22.53706418,2.9097E-5,8.15E-7,100.0,3.17E-7,0.0,3.59E-7,0.0,0.0,0.0,21.53706418,0.0,1.445812011E9,1.446733019E9,
20.809079463,2.2018E-5,0.017425775,21.809057445,74680.0,10.0,21.809079463,2.2018E-5,7.47E-7,100.0,3.38E-7,0.0,3.7E-7,0.0,0.0,0.0,20.809079463,0.0,1.325966949E9,1.326887957E9,
27.995512002,2.3837E-5,0.027009454,28.995488165,183299.0,11.0,28.995512002,2.3837E-5,7.75E-7,100.0,2.58E-7,0.0,3.17E-7,0.0,0.0,0.0,27.995512002,0.0,1.27721142E9,1.278132428E9,
24.392424402,2.1098E-5,0.021236586,25.392403304,147481.0,9.0,25.392424402,2.1098E-5,7.88E-7,100.0,3.0E-7,0.0,3.77E-7,0.0,0.0,0.0,24.392424402,0.0,1.498955581E9,1.499876589E9,
25.416433586,2.5101E-5,0.039184352,26.416408485,134279.0,9.0,26.416433586,2.5101E-5,3.89E-7,100.0,3.2E-7,0.0,3.74E-7,0.0,0.0,0.0,25.416433586,0.0,1.36055297E9,1.361473978E9,
25.563502515,1.9648E-5,0.021348121,26.563482867,148804.0,9.0,26.563502515,1.9648E-5,5.71E-7,100.0,4.35E-7,0.0,4.68E-7,0.0,0.0,0.0,25.563502515,0.0,1.519899298E9,1.520886092E9,
25.392769816,2.8537E-5,0.0229569,26.392741279,85642.0,10.0,26.392769816,2.8537E-5,7.75E-7,100.0,3.08E-7,0.0,3.81E-7,0.0,0.0,0.0,25.392769816,0.0,1.361533703E9,1.362520497E9,
24.99225388,2.2893E-5,0.025576608,25.992230987,88323.0,10.0,25.99225388,2.2893E-5,7.05E-7,100.0,4.39E-7,0.0,4.75E-7,0.0,0.0,0.0,24.99225388,0.0,1.447467584E9,1.448454378E9,
22.949297714,2.5037E-5,0.026281386,23.949272677,92252.0,10.0,23.949297714,2.5037E-5,6.43E-7,100.0,3.53E-7,0.0,3.69E-7,0.0,0.0,0.0,22.949297714,0.0,1.527561967E9,1.528548761E9,
26.800508128,2.4844E-5,0.020185159,27.800483284,297870.0,8.0,27.800508128,2.4844E-5,6.6E-7,100.0,3.12E-7,0.0,3.76E-7,0.0,0.0,0.0,26.800508128,0.0,1.547602031E9,1.548588825E9,
43.024740286,1.4238E-5,0.011720762,44.024726048,4444811.0,4.0,44.024740286,1.4238E-5,6.56E-7,100.0,3.67E-7,0.0,4.12E-7,0.0,0.0,0.0,43.024740286,0.0,1.408538974E9,1.409591554E9,
24.460709438,2.0327E-5,0.022400934,25.460689111,84724.0,10.0,25.460709438,2.0327E-5,6.04E-7,100.0,3.07E-7,0.0,3.93E-7,0.0,0.0,0.0,24.460709438,0.0,1.376463098E9,1.377515678E9,
26.124714417,2.3936E-5,0.019247406,27.124690481,149801.0,9.0,27.124714417,2.3936E-5,9.85E-7,100.0,5.63E-7,0.0,5.21E-7,0.0,0.0,0.0,26.124714417,0.0,1.486847777E9,1.487900357E9,
22.19388028,2.3182E-5,0.021546826,23.193857098,93196.0,10.0,23.19388028,2.3182E-5,8.17E-7,100.0,2.81E-7,0.0,3.35E-7,0.0,0.0,0.0,22.19388028,0.0,1.401093543E9,1.402146123E9,
21.170769454,2.2816E-5,0.021260977,22.170746638,97509.0,10.0,22.170769454,2.2816E-5,6.66E-7,100.0,3.64E-7,0.0,4.44E-7,0.0,0.0,0.0,21.170769454,0.0,1.40307411E9,1.40412669E9,
25.263064831,2.7492E-5,0.039146504,26.263037339,92564.0,10.0,26.263064831,2.7492E-5,6.96E-7,100.0,3.88E-7,0.0,3.58E-7,0.0,0.0,0.0,25.263064831,0.0,1.493506091E9,1.494624458E9,
23.450511951,2.8166E-5,0.021379533,24.450483785,106701.0,10.0,24.450511951,2.8166E-5,7.89E-7,100.0,6.34E-7,0.0,4.76E-7,0.0,0.0,0.0,23.450511951,0.0,1.50583583E9,1.506954197E9,
23.192334282,2.9622E-5,0.020336455,24.19230466,146926.0,9.0,24.192334282,2.9622E-5,6.31E-7,100.0,3.88E-7,0.0,4.56E-7,0.0,0.0,0.0,23.192334282,0.0,1.477682053E9,1.47880042E9,
23.006360009,2.4923E-5,0.018451164,24.006335086,271821.0,8.0,24.006360009,2.4923E-5,8.23E-7,100.0,3.52E-7,0.0,3.61E-7,0.0,0.0,0.0,23.006360009,0.0,1.362137368E9,1.363255735E9,
26.438477266,2.037E-5,0.028636044,27.438456896,271821.0,8.0,27.438477266,2.037E-5,5.68E-7,100.0,3.87E-7,0.0,3.73E-7,0.0,0.0,0.0,26.438477266,0.0,1.362476403E9,1.36359477E9,
28.361307841,1.8482E-5,0.018928376,29.361289359,148050.0,9.0,29.361307841,1.8482E-5,5.63E-7,100.0,3.21E-7,0.0,6.16E-7,0.0,0.0,0.0,28.361307841,0.0,1.494751065E9,1.495935218E9,
26.480847534,1.9179E-5,0.027359556,27.480828355,296248.0,8.0,27.480847534,1.9179E-5,9.37E-7,100.0,4.88E-7,0.0,5.15E-7,0.0,0.0,0.0,26.480847534,0.0,1.471233959E9,1.472418112E9,
22.532854499,2.8054E-5,0.019533471,23.532826445,149838.0,9.0,23.532854499,2.8054E-5,7.73E-7,100.0,3.29E-7,0.0,3.46E-7,0.0,0.0,0.0,22.532854499,0.0,1.582881729E9,1.584065882E9,
22.38188468,2.248E-5,0.025593696,23.3818622,97503.0,10.0,23.38188468,2.248E-5,7.62E-7,100.0,3.92E-7,0.0,5.27E-7,0.0,0.0,0.0,22.38188468,0.0,1.386344525E9,1.387528678E9,
26.480416561,2.9379E-5,0.019517206,27.480387182,136603.0,9.0,27.480416561,2.9379E-5,7.99E-7,100.0,3.26E-7,0.0,3.59E-7,0.0,0.0,0.0,26.480416561,0.0,1.373466071E9,1.374650224E9,
26.516502268,2.0757E-5,0.019373024,27.516481511,149801.0,9.0,27.516502268,2.0757E-5,7.55E-7,100.0,3.06E-7,0.0,3.43E-7,0.0,0.0,0.0,26.516502268,0.0,1.486455521E9,1.48770546E9,
23.812862865,2.167E-5,0.01978461,24.812841195,148804.0,9.0,24.812862865,2.167E-5,9.29E-7,100.0,4.35E-7,0.0,5.1E-7,0.0,0.0,0.0,23.812862865,0.0,1.520111501E9,1.52136144E9,
25.991557051,2.9545E-5,0.019281149,26.991527506,93099.0,10.0,26.991557051,2.9545E-5,7.67E-7,100.0,2.87E-7,0.0,3.59E-7,0.0,0.0,0.0,25.991557051,0.0,1.384813392E9,1.386063331E9,
25.118988847,2.2124E-5,0.019163668,26.118966723,92127.0,10.0,26.118988847,2.2124E-5,8.85E-7,100.0,2.82E-7,0.0,3.69E-7,0.0,0.0,0.0,25.118988847,0.0,1.31969052E9,1.320940459E9,
23.925769091,2.251E-5,0.027463579,24.925746581,93377.0,10.0,24.925769091,2.251E-5,6.95E-7,100.0,4.61E-7,0.0,5.0E-7,0.0,0.0,0.0,23.925769091,0.0,1.386377633E9,1.387627572E9,
25.935095809,2.8034E-5,0.021667533,26.935067775,135971.0,9.0,26.935095809,2.8034E-5,7.55E-7,100.0,3.35E-7,0.0,3.25E-7,0.0,0.0,0.0,25.935095809,0.0,1.435924166E9,1.437239892E9,
26.749148834,2.1428E-5,0.022123887,27.749127406,135356.0,9.0,27.749148834,2.1428E-5,1.103E-6,100.0,4.01E-7,0.0,5.4E-7,0.0,0.0,0.0,26.749148834,0.0,1.439718779E9,1.441034505E9,
27.255799136,2.229E-5,0.019667443,28.255776846,183756.0,9.0,28.255799136,2.229E-5,7.82E-7,100.0,5.48E-7,0.0,6.29E-7,0.0,0.0,0.0,27.255799136,0.0,1.477389767E9,1.478705493E9,
29.547294925,2.5409E-5,0.014116731,30.547269516,539368.0,7.0,30.547294925,2.5409E-5,7.61E-7,100.0,3.12E-7,0.0,3.55E-7,0.0,0.0,0.0,29.547294925,0.0,1.383628226E9,1.384943952E9,
33.360586267,2.1364E-5,0.018682774,34.360564903,148836.0,9.0,34.360586267,2.1364E-5,9.43E-7,100.0,2.9E-7,0.0,3.57E-7,0.0,0.0,0.0,33.360586267,0.0,1.469142891E9,1.470458617E9,
28.699038658,2.0149E-5,0.018086239,29.699018509,295351.0,8.0,29.699038658,2.0149E-5,7.68E-7,100.0,3.82E-7,0.0,4.26E-7,0.0,0.0,0.0,28.699038658,0.0,1.480134882E9,1.481516394E9,
25.851072344,2.5298E-5,0.018352759,26.851047046,270733.0,8.0,26.851072344,2.5298E-5,7.45E-7,100.0,3.03E-7,0.0,3.59E-7,0.0,0.0,0.0,25.851072344,0.0,1.370213892E9,1.371595404E9,
28.811001935,2.1819E-5,0.017867543,29.810980116,119405.0,10.0,29.811001935,2.1819E-5,8.34E-7,100.0,3.11E-7,0.0,3.35E-7,0.0,0.0,0.0,28.811001935,0.0,1.315120662E9,1.316502174E9,
28.989476692,2.0765E-5,0.017127096,29.989455927,268667.0,8.0,29.989476692,2.0765E-5,7.46E-7,100.0,3.35E-7,0.0,3.4E-7,0.0,0.0,0.0,28.989476692,0.0,1.378691141E9,1.380072653E9,
25.338492622,2.2153E-5,0.018833411,26.338470469,141848.0,10.0,26.338492622,2.2153E-5,6.26E-7,100.0,3.06E-7,0.0,3.99E-7,0.0,0.0,0.0,25.338492622,0.0,1.285821889E9,1.287203401E9,
30.038387017,1.9655E-5,0.017078702,31.038367362,270149.0,8.0,31.038387017,1.9655E-5,9.73E-7,100.0,5.07E-7,0.0,5.65E-7,0.0,0.0,0.0,30.038387017,0.0,1.421082923E9,1.422530221E9,
30.205413343,2.1342E-5,0.017835232,31.205392001,298057.0,8.0,31.205413343,2.1342E-5,8.21E-7,100.0,2.82E-7,0.0,3.43E-7,0.0,0.0,0.0,30.205413343,0.0,1.580547871E9,1.581995169E9,
23.702079771,2.2662E-5,0.021282472,24.702057109,119894.0,10.0,24.702079771,2.2662E-5,8.02E-7,100.0,1.6684E-5,0.0,5.84E-7,0.0,0.0,0.0,23.702079771,0.0,1.319242523E9,1.320689821E9,
31.627145768,2.2436E-5,0.010640896,32.627123332,2507656.0,5.0,32.627145768,2.2436E-5,9.33E-7,100.0,4.67E-7,0.0,4.22E-7,0.0,0.0,0.0,31.627145768,0.0,1.30822444E9,1.309671738E9,
40.343902071,2.1637E-5,0.01256155,41.343880434,2237145.0,5.0,41.343902071,2.1637E-5,7.15E-7,100.0,3.21E-7,0.0,3.98E-7,0.0,0.0,0.0,40.343902071,0.0,1.442238306E9,1.443685604E9,
24.333978876,2.0926E-5,0.02195767,25.33395795,102303.0,10.0,25.333978876,2.0926E-5,7.29E-7,100.0,3.08E-7,0.0,4.59E-7,0.0,0.0,0.0,24.333978876,0.0,1.365550628E9,1.367063712E9,
39.593540875,1.9671E-5,0.030325875,40.593521204,585345.0,7.0,40.593540875,1.9671E-5,8.03E-7,100.0,3.69E-7,0.0,3.71E-7,0.0,0.0,0.0,39.593540875,0.0,1.450872238E9,1.452385322E9,
21.029973684,2.3501E-5,0.023162508,22.029950183,110734.0,10.0,22.029973684,2.3501E-5,7.67E-7,100.0,3.06E-7,0.0,3.86E-7,0.0,0.0,0.0,21.029973684,0.0,1.547724978E9,1.549238062E9,
23.449154492,2.1264E-5,0.022823394,24.449133228,134279.0,9.0,24.449154492,2.1264E-5,7.14E-7,100.0,4.66E-7,0.0,5.14E-7,0.0,0.0,0.0,23.449154492,0.0,1.360280692E9,1.361793776E9,
27.451340077,2.5214E-5,0.02156215,28.451314863,543429.0,7.0,28.451340077,2.5214E-5,6.84E-7,100.0,4.38E-7,0.0,4.79E-7,0.0,0.0,0.0,27.451340077,0.0,1.416980708E9,1.418493792E9,
25.408372244,2.3388E-5,0.014126781,26.408348856,1184750.0,6.0,26.408372244,2.3388E-5,7.65E-7,100.0,3.32E-7,0.0,6.52E-7,0.0,0.0,0.0,25.408372244,0.0,1.558874938E9,1.560453809E9,
25.28732548,3.288E-5,0.017887898,26.2872926,294923.0,8.0,26.28732548,3.288E-5,6.37E-7,100.0,3.94E-7,0.0,4.31E-7,0.0,0.0,0.0,25.28732548,0.0,1.539013439E9,1.54059231E9,
25.357621139,1.8923E-5,0.017929537,26.357602216,186326.0,9.0,26.357621139,1.8923E-5,8.3E-7,100.0,3.57E-7,0.0,3.62E-7,0.0,0.0,0.0,25.357621139,0.0,1.595505271E9,1.597084142E9,
28.48702439,2.1379E-5,0.01752424,29.487003011,149564.0,9.0,29.48702439,2.1379E-5,8.31E-7,100.0,4.75E-7,0.0,5.67E-7,0.0,0.0,0.0,28.48702439,0.0,1.595237457E9,1.596816328E9,
26.380455934,2.7862E-5,0.016422392,27.380428072,25079.0,9.0,27.380455934,2.7862E-5,6.31E-7,100.0,3.09E-7,0.0,4.03E-7,0.0,0.0,0.0,26.380455934,0.0,1.297454103E9,1.299032974E9,
27.272602061,1.8762E-5,0.017174764,28.272583299,295506.0,8.0,28.272602061,1.8762E-5,8.26E-7,100.0,3.37E-7,0.0,4.02E-7,0.0,0.0,0.0,27.272602061,0.0,1.520954051E9,1.522598708E9,
33.0792561,2.7374E-5,0.019472102,34.079228726,380753.0,8.0,34.0792561,2.7374E-5,7.84E-7,100.0,2.85E-7,0.0,3.63E-7,0.0,0.0,0.0,33.0792561,0.0,1.396600567E9,1.398245224E9,
29.739949294,1.7536E-5,0.012715068,30.739931758,2367102.0,5.0,30.739949294,1.7536E-5,8.16E-7,100.0,3.23E-7,0.0,3.08E-7,0.0,0.0,0.0,29.739949294,0.0,1.509930969E9,1.511575626E9,
26.094572625,2.1039E-5,0.023084319,27.094551586,181466.0,9.0,27.094572625,2.1039E-5,7.05E-7,100.0,2.73E-7,0.0,3.07E-7,0.0,0.0,0.0,26.094572625,0.0,1.447738483E9,1.44938314E9,
23.379775917,2.1502E-5,0.018370111,24.379754415,148773.0,9.0,24.379775917,2.1502E-5,6.95E-7,100.0,4.12E-7,0.0,5.24E-7,0.0,0.0,0.0,23.379775917,0.0,1.326497755E9,1.328142412E9,
26.288692357,2.5758E-5,0.017278735,27.288666599,380753.0,8.0,27.288692357,2.5758E-5,8.36E-7,100.0,3.29E-7,0.0,3.75E-7,0.0,0.0,0.0,26.288692357,0.0,1.395837967E9,1.39754841E9,
28.666229129,2.2078E-5,0.020169716,29.666207051,363809.0,10.0,29.666229129,2.2078E-5,7.53E-7,100.0,2.81E-7,0.0,3.96E-7,0.0,0.0,0.0,28.666229129,0.0,1.279542313E9,1.281252756E9,
31.490037585000003,1.9811E-5,0.016157915,32.490017774,543095.0,7.0,32.490037585,1.9811E-5,7.85E-7,100.0,2.86E-7,0.0,3.63E-7,0.0,0.0,0.0,31.490037585000003,0.0,1.433638404E9,1.435348847E9,
30.59570835,1.9193E-5,0.014867954,31.595689157,887031.0,6.0,31.59570835,1.9193E-5,9.41E-7,100.0,4.55E-7,0.0,5.28E-7,0.0,0.0,0.0,30.59570835,0.0,1.592471458E9,1.594181901E9,
22.932930774,2.9734E-5,0.019560498,23.93290104,114414.0,10.0,23.932930774,2.9734E-5,9.49E-7,100.0,6.73E-7,0.0,5.53E-7,0.0,0.0,0.0,22.932930774,0.0,1.434548653E9,1.436259096E9,
24.716419279,2.2243E-5,0.017325229,25.716397036,485610.0,9.0,25.716419279,2.2243E-5,6.0E-7,100.0,3.53E-7,0.0,4.09E-7,0.0,0.0,0.0,24.716419279,0.0,1.275474946E9,1.277251176E9,
25.401912512,1.9903E-5,0.02276957,26.401892609,461618.0,9.0,26.401912512,1.9903E-5,9.97E-7,100.0,6.21E-7,0.0,4.88E-7,0.0,0.0,0.0,25.401912512,0.0,1.293623494E9,1.295399724E9,
21.95105146,3.0161E-5,0.016184081,22.951021299,25079.0,9.0,22.95105146,3.0161E-5,9.41E-7,100.0,5.2E-7,0.0,5.1E-7,0.0,0.0,0.0,21.95105146,0.0,1.296774355E9,1.298550585E9,
26.325592111,2.3046E-5,0.039305551,27.325569065,184392.0,9.0,27.325592111,2.3046E-5,7.48E-7,100.0,2.79E-7,0.0,3.81E-7,0.0,0.0,0.0,26.325592111,0.0,1.574454802E9,1.576231032E9,
38.548113772,1.7922E-5,0.015850772,39.54809585,1184135.0,6.0,39.548113772,1.7922E-5,8.42E-7,100.0,4.83E-7,0.0,4.99E-7,0.0,0.0,0.0,38.548113772,0.0,1.458661261E9,1.460437491E9,
33.417393571,2.5734E-5,0.033374042,34.417367837,294297.0,8.0,34.417393571,2.5734E-5,7.91E-7,100.0,3.17E-7,0.0,3.72E-7,0.0,0.0,0.0,33.417393571,0.0,1.312173894E9,1.31401591E9,
25.810828969,2.087E-5,0.0206404,26.810808099,277110.0,8.0,26.810828969,2.087E-5,7.14E-7,100.0,4.2E-7,0.0,4.76E-7,0.0,0.0,0.0,25.810828969,0.0,1.445242476E9,1.447084492E9,
27.796182607,2.4152E-5,0.01930421,28.796158455,147747.0,9.0,28.796182607,2.4152E-5,8.93E-7,100.0,5.06E-7,0.0,7.32E-7,0.0,0.0,0.0,27.796182607,0.0,1.318169863E9,1.320011879E9,
24.820919943,5.2754E-5,0.01588046,25.820867189,627776.0,9.0,25.820919943,5.2754E-5,7.82E-7,100.0,3.1E-7,0.0,3.68E-7,0.0,0.0,0.0,24.820919943,0.0,1.276978114E9,1.27882013E9,
32.15129377,1.7183E-5,0.009339688,33.151276587,4733910.0,4.0,33.15129377,1.7183E-5,8.46E-7,100.0,2.99E-7,0.0,3.35E-7,0.0,0.0,0.0,32.15129377,0.0,1.542606011E9,1.544448027E9,
26.047734915,2.1928E-5,0.026879317,27.047712987,184901.0,9.0,27.047734915,2.1928E-5,8.37E-7,100.0,4.98E-7,0.0,5.33E-7,0.0,0.0,0.0,26.047734915,0.0,1.49483711E9,1.496744912E9,
27.276853417,2.1728E-5,0.022714287,28.276831689,539368.0,7.0,28.276853417,2.1728E-5,5.7E-7,100.0,2.74E-7,0.0,3.26E-7,0.0,0.0,0.0,27.276853417,0.0,1.383086667E9,1.384994469E9,
30.192652944,1.8725E-5,0.018723087,31.192634219,268667.0,8.0,31.192652944,1.8725E-5,8.1E-7,100.0,3.2E-7,0.0,3.65E-7,0.0,0.0,0.0,30.192652944,0.0,1.379861709E9,1.381769511E9,
30.303921242,1.8116E-5,0.009695946,31.303903126,2507656.0,5.0,31.303921242,1.8116E-5,6.15E-7,100.0,3.07E-7,0.0,3.9E-7,0.0,0.0,0.0,30.303921242,0.0,1.307530957E9,1.309438759E9,
26.263170804,1.9365E-5,0.021087033,27.263151439,25079.0,9.0,27.263170804,1.9365E-5,7.47E-7,100.0,3.68E-7,0.0,4.65E-7,0.0,0.0,0.0,26.263170804,0.0,1.296444243E9,1.298352045E9,
38.326845839,1.7463E-5,0.00599922,39.326828376,9244890.0,3.0,39.326845839,1.7463E-5,7.4E-7,100.0,7.62E-7,0.0,4.56E-7,0.0,0.0,0.0,38.326845839,0.0,1.474767471E9,1.47674106E9,
28.60577306,2.189E-5,0.034789153,29.60575117,194126.0,9.0,29.60577306,2.189E-5,9.06E-7,100.0,5.02E-7,0.0,7.75E-7,0.0,0.0,0.0,28.60577306,0.0,1.38620147E9,1.388175059E9,
24.622346841,3.1777E-5,0.021390814,25.622315064,203161.0,9.0,25.622346841,3.1777E-5,6.39E-7,100.0,2.79E-7,0.0,4.03E-7,0.0,0.0,0.0,24.622346841,0.0,1.562012622E9,1.563986211E9,
30.31895283,1.8713E-5,0.063372347,31.318934117,298057.0,8.0,31.31895283,1.8713E-5,7.55E-7,100.0,3.63E-7,0.0,3.63E-7,0.0,0.0,0.0,30.31895283,0.0,1.579305577E9,1.581279166E9,
27.021363489,2.5993E-5,0.021077411,28.021337496,185190.0,9.0,28.021363489,2.5993E-5,7.94E-7,100.0,3.01E-7,0.0,3.5E-7,0.0,0.0,0.0,27.021363489,0.0,1.452452972E9,1.454426561E9,
24.326469363,2.1235E-5,0.018741918,25.326448128,295775.0,8.0,25.326469363,2.1235E-5,7.69E-7,100.0,3.19E-7,0.0,4.0E-7,0.0,0.0,0.0,24.326469363,0.0,1.57201303E9,1.574052405E9,
47.328223974,1.622E-5,0.004235388,48.328207754,1.6544054E7,2.0,48.328223974,1.622E-5,7.95E-7,100.0,3.19E-7,0.0,3.85E-7,0.0,0.0,0.0,47.328223974,0.0,1.340594257E9,1.342633632E9,
25.613554926,1.9968E-5,0.015290648,26.613534958,295688.0,8.0,26.613554926,1.9968E-5,7.88E-7,100.0,2.98E-7,0.0,4.67E-7,0.0,0.0,0.0,25.613554926,0.0,1.329141208E9,1.331180583E9,
25.532618948,2.2611E-5,0.026120246,26.532596337,170128.0,9.0,26.532618948,2.2611E-5,8.06E-7,100.0,4.01E-7,0.0,3.81E-7,0.0,0.0,0.0,25.532618948,0.0,1.414966499E9,1.417005874E9,
23.073447318,2.0613E-5,0.01635245,24.073426705,319999.0,8.0,24.073447318,2.0613E-5,8.59E-7,100.0,3.71E-7,0.0,4.45E-7,0.0,0.0,0.0,23.073447318,0.0,1.285816257E9,1.287855632E9,
25.05673015,2.9154E-5,0.01838741,26.056700996,185896.0,9.0,26.05673015,2.9154E-5,7.05E-7,100.0,3.22E-7,0.0,5.21E-7,0.0,0.0,0.0,25.05673015,0.0,1.406756188E9,1.408861349E9,
24.635873274,1.9444E-5,0.019385494,25.63585383,187318.0,9.0,25.635873274,1.9444E-5,7.17E-7,100.0,6.65E-7,0.0,7.21E-7,0.0,0.0,0.0,24.635873274,0.0,1.426410772E9,1.428515933E9,
21.986503651,1.9197E-5,0.016527383,22.986484454,371148.0,8.0,22.986503651,1.9197E-5,5.78E-7,100.0,2.52E-7,0.0,3.03E-7,0.0,0.0,0.0,21.986503651,0.0,1.321200225E9,1.323305386E9,
23.337993634,2.068E-5,0.019404915,24.337972954,171031.0,9.0,24.337993634,2.068E-5,6.18E-7,100.0,3.34E-7,0.0,3.56E-7,0.0,0.0,0.0,23.337993634,0.0,1.372951602E9,1.375056763E9,
31.258837477999997,1.7325E-5,0.017432008,32.258820153,585345.0,7.0,32.258837478,1.7325E-5,8.42E-7,100.0,3.83E-7,0.0,4.66E-7,0.0,0.0,0.0,31.258837477999997,0.0,1.44917868E9,1.451283841E9,
29.722995126,3.1274E-5,0.015846517,30.722963852,593596.0,7.0,30.722995126,3.1274E-5,7.7E-7,100.0,4.75E-7,0.0,4.47E-7,0.0,0.0,0.0,29.722995126,0.0,1.467045991E9,1.469216938E9,
27.624457069,2.1112E-5,0.019836283,28.624435957,187227.0,9.0,28.624457069,2.1112E-5,8.25E-7,100.0,4.08E-7,0.0,4.46E-7,0.0,0.0,0.0,27.624457069,0.0,1.414984681E9,1.417155628E9,
31.415772337999996,2.9015E-5,0.026959195,32.415743323,187042.0,9.0,32.415772338,2.9015E-5,8.22E-7,100.0,3.92E-7,0.0,4.62E-7,0.0,0.0,0.0,31.415772337999996,0.0,1.371860396E9,1.374031343E9,
29.353603203,2.9556E-5,0.019968492,30.353573647,167541.0,9.0,30.353603203,2.9556E-5,7.62E-7,100.0,2.91E-7,0.0,3.55E-7,0.0,0.0,0.0,29.353603203,0.0,1.389656342E9,1.391827289E9,
36.405770928,1.598E-5,0.01181252,37.405754948,2165844.0,5.0,37.405770928,1.598E-5,6.01E-7,100.0,2.93E-7,0.0,3.62E-7,0.0,0.0,0.0,36.405770928,0.0,1.373589811E9,1.375760758E9,
25.461997001,1.781E-5,0.016049313,26.461979191,847373.0,8.0,26.461997001,1.781E-5,6.06E-7,100.0,2.98E-7,0.0,3.78E-7,0.0,0.0,0.0,25.461997001,0.0,1.27839257E9,1.280629304E9,
29.292115806,1.6561E-5,0.017487215,30.292099245,2367102.0,5.0,30.292115806,1.6561E-5,9.56E-7,100.0,4.85E-7,0.0,5.13E-7,0.0,0.0,0.0,29.292115806,0.0,1.508727018E9,1.510963752E9,
22.64314428,3.0215E-5,0.02188087,23.643114065,186628.0,9.0,23.64314428,3.0215E-5,6.32E-7,100.0,3.03E-7,0.0,3.3E-7,0.0,0.0,0.0,22.64314428,0.0,1.468619433E9,1.470856167E9,
26.870368915,1.8341E-5,0.018122993,27.870350574,270149.0,8.0,27.870368915,1.8341E-5,1.006E-6,100.0,4.18E-7,0.0,5.08E-7,0.0,0.0,0.0,26.870368915,0.0,1.421696677E9,1.423933411E9,
27.329837204,3.9792E-5,0.018180272,28.329797412,627776.0,9.0,28.329837204,3.9792E-5,8.58E-7,100.0,4.01E-7,0.0,5.03E-7,0.0,0.0,0.0,27.329837204,0.0,1.276604756E9,1.27884149E9,
30.590565736,2.8191E-5,0.037529382,31.590537545,294923.0,8.0,31.590565736,2.8191E-5,7.8E-7,100.0,4.71E-7,0.0,4.49E-7,0.0,0.0,0.0,30.590565736,0.0,1.539039691E9,1.541342211E9,
28.516897834,2.8629E-5,0.026462173,29.516869205,186326.0,9.0,29.516897834,2.8629E-5,5.75E-7,100.0,2.87E-7,0.0,3.05E-7,0.0,0.0,0.0,28.516897834,0.0,1.595084373E9,1.597386893E9,
26.640682336,1.9404E-5,0.020094873,27.640662932,199672.0,9.0,27.640682336,1.9404E-5,1.019E-6,100.0,4.2E-7,0.0,4.92E-7,0.0,0.0,0.0,26.640682336,0.0,1.415273933E9,1.417576453E9,
21.860895873,2.8163E-5,0.02062665,22.86086771,185872.0,9.0,22.860895873,2.8163E-5,8.55E-7,100.0,3.86E-7,0.0,4.84E-7,0.0,0.0,0.0,21.860895873,0.0,1.469370055E9,1.471672575E9,
27.509012348,2.7746E-5,0.017984912,28.508984602,270876.0,8.0,28.509012348,2.7746E-5,5.81E-7,100.0,2.8E-7,0.0,3.61E-7,0.0,0.0,0.0,27.509012348,0.0,1.354392904E9,1.356695424E9,
25.37443002,1.8519E-5,0.019196888,26.374411501,326813.0,8.0,26.37443002,1.8519E-5,8.23E-7,100.0,3.18E-7,0.0,4.95E-7,0.0,0.0,0.0,25.37443002,0.0,1.345029141E9,1.347397447E9,
25.780196306,2.984E-5,0.019739343,26.780166466,357765.0,8.0,26.780196306,2.984E-5,8.92E-7,100.0,4.08E-7,0.0,4.51E-7,0.0,0.0,0.0,25.780196306,0.0,1.352546104E9,1.35491441E9,
25.366967098,2.9051E-5,0.018248378,26.366938047,222991.0,9.0,26.366967098,2.9051E-5,8.42E-7,100.0,3.53E-7,0.0,4.49E-7,0.0,0.0,0.0,25.366967098,0.0,1.326246019E9,1.328614325E9,
25.633929316,2.8851E-5,0.019473865,26.633900465,222468.0,9.0,26.633929316,2.8851E-5,1.003E-6,100.0,4.41E-7,0.0,4.92E-7,0.0,0.0,0.0,25.633929316,0.0,1.334776757E9,1.337145063E9,
30.03587047,2.5535E-5,0.016740157,31.035844935,595787.0,7.0,31.03587047,2.5535E-5,1.016E-6,100.0,3.57E-7,0.0,5.91E-7,0.0,0.0,0.0,30.03587047,0.0,1.583915937E9,1.586284243E9,
27.366779505,3.0898E-5,0.021078075,28.366748607,185767.0,9.0,28.366779505,3.0898E-5,1.002E-6,100.0,4.79E-7,0.0,5.21E-7,0.0,0.0,0.0,27.366779505,0.0,1.377139223E9,1.379573316E9,
26.667070794,2.2669E-5,0.017629125,27.667048125,221960.0,9.0,27.667070794,2.2669E-5,9.72E-7,100.0,3.76E-7,0.0,4.69E-7,0.0,0.0,0.0,26.667070794,0.0,1.493900093E9,1.496334186E9,
27.412372908,2.7098E-5,0.017475853,28.41234581,294297.0,8.0,28.412372908,2.7098E-5,6.13E-7,100.0,2.88E-7,0.0,3.59E-7,0.0,0.0,0.0,27.412372908,0.0,1.310923278E9,1.313357371E9,
38.7716122,1.7989E-5,0.016105199,39.771594211,539368.0,7.0,39.7716122,1.7989E-5,1.007E-6,100.0,3.3E-7,0.0,4.04E-7,0.0,0.0,0.0,38.7716122,0.0,1.383527699E9,1.385961792E9,
25.833602375,2.6744E-5,0.017681793,26.833575631,298734.0,8.0,26.833602375,2.6744E-5,7.94E-7,100.0,3.11E-7,0.0,3.59E-7,0.0,0.0,0.0,25.833602375,0.0,1.589102484E9,1.591536577E9,
28.015268942,1.9716E-5,0.014268378,29.015249226,1140681.0,6.0,29.015268942,1.9716E-5,7.41E-7,100.0,4.34E-7,0.0,4.43E-7,0.0,0.0,0.0,28.015268942,0.0,1.357752179E9,1.360252058E9,
27.464129727,2.5854E-5,0.061727109,28.464103873,201783.0,9.0,28.464129727,2.5854E-5,6.04E-7,100.0,3.41E-7,0.0,3.64E-7,0.0,0.0,0.0,27.464129727,0.0,1.431897004E9,1.434396883E9,
30.82924624,2.2229E-5,0.01434554,31.829224011,847373.0,8.0,31.82924624,2.2229E-5,5.73E-7,100.0,2.55E-7,0.0,3.2E-7,0.0,0.0,0.0,30.82924624,0.0,1.277871051E9,1.28037093E9,
25.231774407,1.7528E-5,0.022702256,26.231756879,297870.0,8.0,26.231774407,1.7528E-5,5.77E-7,100.0,3.26E-7,0.0,3.51E-7,0.0,0.0,0.0,25.231774407,0.0,1.545870596E9,1.548370475E9,
25.375634518,1.8315E-5,0.01896988,26.375616203,295674.0,8.0,26.375634518,1.8315E-5,8.17E-7,100.0,3.09E-7,0.0,4.07E-7,0.0,0.0,0.0,25.375634518,0.0,1.505259438E9,1.507759317E9,
31.663849022,1.7471E-5,0.008501935,32.663831551,4444811.0,4.0,32.663849022,1.7471E-5,5.86E-7,100.0,3.83E-7,0.0,3.9E-7,0.0,0.0,0.0,31.663849022,0.0,1.408109766E9,1.410675431E9,
28.429571091,2.1566E-5,0.01877632,29.429549525,297199.0,8.0,29.429571091,2.1566E-5,8.06E-7,100.0,3.12E-7,0.0,3.72E-7,0.0,0.0,0.0,28.429571091,0.0,1.487051366E9,1.489617031E9,
26.314149124,2.1427E-5,0.017516199,27.314127697,218082.0,9.0,27.314149124,2.1427E-5,9.1E-7,100.0,3.63E-7,0.0,3.55E-7,0.0,0.0,0.0,26.314149124,0.0,1.591151155E9,1.59371682E9,
27.162336733,2.0252E-5,0.017956076,28.162316481,295135.0,8.0,28.162336733,2.0252E-5,7.31E-7,100.0,2.98E-7,0.0,3.21E-7,0.0,0.0,0.0,27.162336733,0.0,1.529033201E9,1.531598866E9,
32.699602292,1.9108E-5,0.017947383,33.699583184,592830.0,7.0,33.699602292,1.9108E-5,7.93E-7,100.0,4.45E-7,0.0,5.23E-7,0.0,0.0,0.0,32.699602292,0.0,1.518101474E9,1.520667139E9,
28.542741829,2.704E-5,0.019101067,29.542714789,294639.0,8.0,29.542741829,2.704E-5,7.67E-7,100.0,2.81E-7,0.0,3.74E-7,0.0,0.0,0.0,28.542741829,0.0,1.462101637E9,1.464733089E9,
44.347170614,1.5839E-5,0.004287304,45.347154775,1.6544054E7,2.0,45.347170614,1.5839E-5,6.71E-7,100.0,4.17E-7,0.0,4.43E-7,0.0,0.0,0.0,44.347170614,0.0,1.340132936E9,1.342764388E9,
27.260240751,2.6812E-5,0.019067057,28.260213939,42185.0,9.0,28.260240751,2.6812E-5,9.81E-7,100.0,4.85E-7,0.0,5.88E-7,0.0,0.0,0.0,27.260240751,0.0,1.296076392E9,1.298707844E9,
29.448441703,2.7158E-5,0.018463233,30.448414545,370441.0,8.0,30.448441703,2.7158E-5,6.76E-7,100.0,4.26E-7,0.0,4.76E-7,0.0,0.0,0.0,29.448441703,0.0,1.469582253E9,1.472213705E9,
29.318122752,2.408E-5,0.016475453,30.318098672,594715.0,7.0,30.318122752,2.408E-5,8.54E-7,100.0,5.36E-7,0.0,5.84E-7,0.0,0.0,0.0,29.318122752,0.0,1.483964617E9,1.486596069E9,
