34.746319538,9.2696E-5,4.61E-7,35.746226842,1483201.0,6.0,201.133076189,931261.0,97.924062927,100.0,438.843613719,931284.0,3.6E-7,0.0,0.0,931263.0,24.930891409,0.0,1.48371714E9,1.4968744E9,
29.97945287,4.8359E-5,5.18E-7,30.979404511,1476358.0,6.0,195.649034512,928043.0,105.150040976,100.0,432.293572518,928048.0,4.3E-7,0.0,0.0,928047.0,34.737201877,0.0,1.315359679E9,1.328516939E9,
36.514810576,4.282E-5,6.18E-7,37.514767756,2165834.0,5.0,225.197261083,851118.0,100.389999204,100.0,390.26278276,851120.0,3.28E-7,0.0,0.0,851119.0,27.312189609,0.0,1.367167517E9,1.380324777E9,
39.870254425,3.091E-5,7.17E-7,40.870223515,2367095.0,5.0,184.249087451,928815.0,121.618270971,100.0,462.147531753,928817.0,3.57E-7,0.0,0.0,928816.0,32.142951315,0.0,1.504656237E9,1.517813497E9,
29.485202504,4.5777E-5,4.55E-7,30.485156727,2237135.0,5.0,183.372726257,865731.0,104.131972262,100.0,427.213815714,865732.0,5.57E-7,0.0,0.0,865731.0,31.299717652,0.0,1.437672123E9,1.450829383E9,
36.391387773,2.8232E-5,4.24E-7,37.391359541,2818122.0,5.0,340.974295703,1695795.0,101.011659434,100.0,635.665665084,1695797.0,3.36E-7,0.0,0.0,1695796.0,18.401113147,0.0,1.368290281E9,1.394604801E9,
35.276574633,2.4851E-5,4.32E-7,36.276549782,9244888.0,3.0,330.324881595,1859221.0,93.434582609,100.0,513.786601148,1859228.0,5.7E-7,0.0,0.0,1859224.0,28.157029964,0.0,1.463007752E9,1.489322272E9,
39.548523611,1.7852E-5,4.56E-7,40.548505759,4444806.0,4.0,296.210397429,1703498.0,93.440720099,100.0,476.747392677,1703502.0,3.4E-7,0.0,0.0,1703498.0,24.174424972,0.0,1.399996866E9,1.426311386E9,
32.597686854,1.9205E-5,7.65E-7,33.597667649,2662152.0,5.0,305.832745512,1858056.0,111.484159072,100.0,513.655564932,1858061.0,6.14E-7,0.0,0.0,1858059.0,23.478121988,0.0,1.567832101E9,1.594146621E9,
37.079800731,1.9404E-5,6.26E-7,38.079781327,9244888.0,3.0,519.600308141,2788162.0,99.290524358,100.0,714.734590029,2788166.0,4.8E-7,0.0,0.0,2788162.0,24.981037002,0.0,1.453634372E9,1.493106152E9,
32.184518088,1.8491E-5,5.44E-7,33.184499597,4733905.0,4.0,469.467778211,2786548.0,95.531426985,100.0,683.10135442,2786559.0,3.94E-7,0.0,0.0,2786550.0,22.841513626,0.0,1.518102138E9,1.557573918E9,
29.144173469,2.1472E-5,6.49E-7,30.144151997,2662152.0,5.0,307.856103633,1646567.0,94.657275656,100.0,489.604870698,1646572.0,6.43E-7,0.0,0.0,1646568.0,20.278434897,0.0,1.57469316E9,1.5979711E9,
37.777387404,2.5311E-5,4.77E-7,38.777362093,9244888.0,3.0,476.754497501,2785533.0,95.240876656,100.0,698.074302657,2785535.0,4.29E-7,0.0,0.0,2785531.0,24.732966404,0.0,1.472115937E9,1.511587717E9,
38.369870059,3.0353E-5,4.96E-7,39.369839706,3995072.0,5.0,635.034733304,3711645.0,113.507800233,100.0,821.858626665,3711647.0,3.34E-7,0.0,0.0,3711645.0,19.127873906,0.0,1.487648596E9,1.540277636E9,
38.699871294,2.0286E-5,6.57E-7,39.699851008,5597496.0,4.0,605.802287683,3422906.0,118.864586776,100.0,796.910646533,3422909.0,3.04E-7,0.0,0.0,3422906.0,24.152512971,0.0,1.398547973E9,1.451177013E9,
36.608948356,1.912E-5,6.46E-7,37.608929236,5597496.0,4.0,586.55287074,3431294.0,94.208157015,100.0,808.376626374,3431305.0,3.18E-7,0.0,0.0,3431295.0,23.58179032,0.0,1.39989844E9,1.45252748E9,
35.393324145,1.9373E-5,5.94E-7,36.393304772,4733905.0,4.0,605.949371722,3713238.0,109.292027533,100.0,810.624235141,3713242.0,3.29E-7,0.0,0.0,3713238.0,22.298816281,0.0,1.519683033E9,1.572312073E9,
37.487798115,2.1907E-5,4.41E-7,38.487776208,4127990.0,5.0,588.717082007,3627651.0,93.372189787,100.0,846.903240637,3627654.0,3.71E-7,0.0,0.0,3627651.0,22.184733326,0.0,1.342272292E9,1.394901332E9,
52.375352146,1.6931E-5,3.58E-7,53.375335215,9244888.0,3.0,755.145353946,4473619.0,96.870356039,100.0,966.991095258,4473624.0,3.76E-7,0.0,0.0,4473619.0,24.147043757,0.0,1.419502923E9,1.485289223E9,
31.231225963999997,3.1448E-5,5.24E-7,32.231194516,887021.0,6.0,80.462359768,469466.0,113.566962106,100.0,266.418010922,469471.0,4.03E-7,0.0,0.0,469467.0,21.26912935,0.0,1.591339862E9,1.5979711E9,
39.031418564,3.2499E-5,5.14E-7,40.031386065,6214995.0,4.0,814.912792007,4620701.0,96.723675236,100.0,1030.225574482,4620706.0,3.96E-7,0.0,0.0,4620703.0,20.779618544,0.0,1.532555358E9,1.5979711E9,
30.535155,2.9831E-5,4.46E-7,31.535125169,2662152.0,5.0,316.883605841,1691921.0,94.349479293,100.0,468.495126711,1691926.0,4.05E-7,0.0,0.0,1691922.0,38.268383437,0.0,1.574058217E9,1.5979711E9,
41.295195053,1.9054E-5,4.65E-7,42.295175999,5916648.0,4.0,784.887145015,4641958.0,95.452178535,100.0,1012.024462775,4641959.0,5.46E-7,0.0,0.0,4641957.0,24.245823662,0.0,1.499136181E9,1.564922481E9,
38.066345254,1.9746E-5,6.12E-7,39.066325508,3774541.0,5.0,660.73464599,3761983.0,93.972110245,100.0,835.979152158,3761989.0,5.14E-7,0.0,0.0,3761985.0,19.251058751,0.0,1.544735506E9,1.5979711E9,
53.030463591,1.6677E-5,6.6E-7,54.030446914,1.6544054E7,2.0,930.092272369,5470092.0,98.410060218,100.0,1146.290690636,5470091.0,6.44E-7,0.0,0.0,5470092.0,28.774988433,0.0,1.296653672E9,1.375597232E9,
42.16967829,1.7815E-5,6.24E-7,43.169660475,9244888.0,3.0,967.400580963,5557695.0,113.443214547,100.0,1192.890146285,5557696.0,3.93E-7,0.0,0.0,5557694.0,26.614396316,0.0,1.445478706E9,1.524422266E9,
44.26005858,2.2035E-5,4.46E-7,45.260036545,7397738.0,4.0,1103.015662548,6501076.0,95.292565717,100.0,1352.561480006,6501079.0,3.51E-7,0.0,0.0,6501074.0,25.104254471,0.0,1.503511441E9,1.595612261E9,
46.591595585,1.8452E-5,5.69E-7,47.591577133,6684081.0,4.0,1071.359719826,6098178.0,94.745601759,100.0,1255.944461242,6098183.0,3.55E-7,0.0,0.0,6098178.0,23.959439963,0.0,1.361862676E9,1.453963496E9,
34.024544895,2.1113E-5,4.71E-7,35.024523782,2662152.0,5.0,418.626622826,2443750.0,95.309307957,100.0,591.586517182,2443757.0,4.99E-7,0.0,0.0,2443752.0,18.836390247,0.0,1.563380908E9,1.5979711E9,
48.200191918,3.091E-5,4.69E-7,49.200161008,9244888.0,3.0,1227.343956222,7322814.0,97.385160032,100.0,1426.932500467,7322819.0,3.78E-7,0.0,0.0,7322816.0,24.946285054,0.0,1.430223937E9,1.535482017E9,
48.799338109,1.7069E-5,6.5E-7,49.79932104,9244888.0,3.0,1241.096921445,7302480.0,115.881013149,100.0,1349.11752265,7302484.0,4.43E-7,0.0,0.0,7302481.0,30.115750239,0.0,1.426698958E9,1.531957038E9,
45.694790828,2.0669E-5,7.42E-7,46.694770159,6214995.0,4.0,649.570920867,3991138.0,97.80281732,100.0,876.296713157,3991143.0,5.02E-7,0.0,0.0,3991139.0,21.655494115,0.0,1.541489282E9,1.5979711E9,
51.096230453,1.8787E-5,4.53E-7,52.096211666,6214995.0,4.0,911.263764351,5631908.0,96.318937444,100.0,1164.357655743,5631924.0,4.1E-7,0.0,0.0,5631911.0,24.996739052,0.0,1.518212964E9,1.5979711E9,
33.960642772,3.2433E-5,4.04E-7,34.960610339,3254812.0,5.0,546.671766164,3149808.0,95.801841969,100.0,704.260607631,3149813.0,4.7E-7,0.0,0.0,3149808.0,20.503351872,0.0,1.553376184E9,1.5979711E9,
47.306488509,2.0771E-5,4.31E-7,48.306467738,7992044.0,4.0,1334.026129455,7740095.0,96.773930818,100.0,1500.598405405,7740099.0,4.55E-7,0.0,0.0,7740097.0,28.257091904,0.0,1.48832631E9,1.5979711E9,
46.557394541,1.8117E-5,6.99E-7,47.557376424,6214995.0,4.0,730.063336614,4525448.0,97.402928296,100.0,1023.473371367,4525453.0,6.19E-7,0.0,0.0,4525450.0,24.182385167,0.0,1.533913954E9,1.5979711E9,
45.932189473,1.8256E-5,5.77E-7,46.932171217,7397738.0,4.0,1204.395633571,6556848.0,99.126341248,100.0,1533.237074451,6556854.0,6.2E-7,0.0,0.0,6556849.0,22.151517368,0.0,1.505117841E9,1.5979711E9,
44.193508726,2.9362E-5,5.8E-7,45.193479364,7397738.0,4.0,1191.584697156,6406853.0,110.246145247,100.0,1431.064521885,6406858.0,4.76E-7,0.0,0.0,6406853.0,23.846636598,0.0,1.507232044E9,1.5979711E9,
49.462804586,2.6288E-5,7.58E-7,50.462778298,7992044.0,4.0,1407.403673147,7675045.0,98.293794042,100.0,1682.907752396,7675051.0,5.68E-7,0.0,0.0,7675047.0,28.373940828,0.0,1.489243241E9,1.5979711E9,
